I
1100 Generated by WorldEditor 1.7.0r3

1     49 0 0 NTAM Rimatara
1302 city Rimatara Island
1302 country French Polynesia
1302 datum_lat -22.637222222
1302 datum_lon -152.805277778
1302 faa_code 
1302 iata_code RMT
1302 icao_code NTAM
1302 region_code NT
1302 state (unassigned)
1302 transition_alt 
1302 transition_level 
1302 flatten 1
100 35.00 1 0 0.25 0 0 0 07 -22.63738510 -152.81271468    0    0 2 0 0 0 25 -22.63708788 -152.79906141    0    0 2 0 0 0
110 1 0.00 88.0000 Taxiway
111 -22.63753986 -152.81271026 102
112 -22.63765094 -152.81268693 -22.63770817 -152.81266712 102
111 -22.63779323 -152.81261803 102
112 -22.63755787 -152.81220306 -22.63753181 -152.81212556 102
113 -22.63752653 -152.81208053
110 1 0.00 88.0000 Taxiway
111 -22.63693375 -152.79906601 102
112 -22.63681637 -152.79907968 -22.63675357 -152.79909199 102
111 -22.63669568 -152.79914563 102
112 -22.63691438 -152.79952339 -22.63693738 -152.79957488 102
113 -22.63694419 -152.79961825
110 1 0.00 1.0000 Taxiway
111 -22.63738350 -152.80549512 102
112 -22.63746812 -152.80535312 -22.63754650 -152.80527450 102
111 -22.63759461 -152.80526608 102
111 -22.63787972 -152.80525738 102
112 -22.63803567 -152.80535990 -22.63809863 -152.80543224 102
111 -22.63811170 -152.80562780 102
111 -22.63850224 -152.80562299
111 -22.63848955 -152.80469246 102
111 -22.63808599 -152.80470297 102
112 -22.63803472 -152.80498328 -22.63796186 -152.80508806 102
111 -22.63786529 -152.80509253 102
111 -22.63759134 -152.80510399 102
112 -22.63745354 -152.80502689 -22.63738263 -152.80496422 102
111 -22.63736934 -152.80489468
113 -22.63725936 -152.80519146
130 Airport Boundary
111 -22.63637212 -152.79807866
111 -22.63679616 -152.81372644
111 -22.63798789 -152.81370913
111 -22.63783117 -152.80655373
111 -22.63988855 -152.80627336
111 -22.63966169 -152.80490542
111 -22.63782721 -152.80364521
113 -22.63774507 -152.79804433
120 Linear
111 -22.63721562 -152.80492262 1
112 -22.63746875 -152.80518348 -22.63771704 -152.80517824 1
111 -22.63825690 -152.80517318 1
112 -22.63844367 -152.80496646 -22.63845915 -152.80473588 1
112 -22.63825213 -152.80484488 -22.63820376 -152.80489519 1
115 -22.63818461 -152.80491936
120 Linear
111 -22.63759584 -152.80510635 4
115 -22.63759908 -152.80526385
120 Linear
111 -22.63722806 -152.80548773 1
112 -22.63746617 -152.80518271 -22.63771172 -152.80517868 1
111 -22.63825704 -152.80517385 1
112 -22.63845367 -152.80538190 -22.63845821 -152.80559446 1
112 -22.63827939 -152.80550927 -22.63822846 -152.80545521 1
115 -22.63820051 -152.80542155
14 -22.63852157 -152.80581547  32.81 0 Tower view
1300 -22.63820450 -152.80542681  46.55 misc jets|turboprops|props Ramp 1
1301 C none 
1300 -22.63818789 -152.80491568 315.73 misc jets|turboprops|props Ramp 2
1301 C none 
99
