I
1100 Generated by WorldEditor 1.7.1r2

1     17 0 0 NTAT Mataura Tubuai
1302 city 
1302 country French Polynesia
1302 datum_lat -23.369722222
1302 datum_lon -149.529722222
1302 faa_code 
1302 iata_code TUB
1302 icao_code NTAT
1302 region_code NT
1302 state (unassigned)
1302 transition_alt 5000
1302 transition_level 
100 29.87 1 0 0.25 0 1 0 03 -23.36981287 -149.52971210    0    0 2 0 0 0 21 -23.36078371 -149.51878352    0    0 2 0 0 0
110 1 0.30 48.2000 Taxiway
111 -23.36990714 -149.52961761 3 102
112 -23.37040996 -149.52913320 -23.37056158 -149.52899118 3 102
111 -23.37075729 -149.52917562 3 102
111 -23.37099414 -149.52896630 3 102
111 -23.37051217 -149.52837372 3 102
111 -23.37029044 -149.52859406 3 102
112 -23.37030960 -149.52902525 -23.37013431 -149.52920808 3 102
112 -23.36996231 -149.52936724 -23.36986788 -149.52945687 3 102
113 -23.36971459 -149.52938004
110 1 0.25 48.7600 Taxiway
111 -23.36113539 -149.51899218
111 -23.36110431 -149.51877765
111 -23.36096269 -149.51860669
113 -23.36088345 -149.51868609
110 3 0.00 50.6000 Taxiway
111 -23.37075610 -149.52867291
111 -23.37084293 -149.52858858
111 -23.37060117 -149.52828226
113 -23.37051217 -149.52837372
130 Airport Boundary
111 -23.36924641 -149.52745730
111 -23.36116223 -149.51775263
111 -23.35986168 -149.51893589
111 -23.36974183 -149.53049521
111 -23.37170467 -149.52909771
113 -23.37061111 -149.52770130
120 Hold
111 -23.37032100 -149.52921301 4
115 -23.37023409 -149.52910949
120 Linear Feature
111 -23.36110028 -149.51917781 20
111 -23.36098536 -149.51902774 20
112 -23.36082070 -149.51899295 -23.36076455 -149.51892461 20
112 -23.36081804 -149.51879680 -23.36086396 -149.51874981 20
112 -23.36101163 -149.51879951 -23.36107932 -149.51887867 20
112 -23.36111936 -149.51919945 -23.36116505 -149.51925406 20
115 -23.36120485 -149.51930499
120 Linear Feature
111 -23.37057232 -149.52855773 20
112 -23.37045113 -149.52892056 -23.37043577 -149.52897037 20
116 -23.37038770 -149.52904563 -23.37035264 -149.52907925
120 Linear Feature
111 -23.37078254 -149.52881793 20
112 -23.37086085 -149.52890700 -23.37087295 -149.52897952 20
111 -23.37084114 -149.52902322 20
112 -23.37054840 -149.52899642 -23.37048283 -149.52899202 20
111 -23.37038770 -149.52904563 20 101
112 -23.36997742 -149.52945681 -23.36991102 -149.52951816 20 101
116 -23.36956933 -149.52941857 -23.36940241 -149.52921765
21 -23.36801252 -149.52816883 2 49.0300 3.00 03  PAPI-4L
21 -23.36258680 -149.52032069 2 227.6500 4.00 21  PAPI-4L
20 -23.36954403 -149.52911302 227.1900 0 2 {@L}21{@Y,^l}A
20 -23.37033473 -149.52922821 318.7200 0 2 {@L}A{@R}03-21{@@,safety,@L}A
14 -23.37093260 -149.52851974  88.58 0 Tower Viewpoint
1300 -23.37057627 -149.52854077 110.51 misc jets|turboprops|props Ramp Start 1
1301 C none 
1300 -23.37077718 -149.52882898  70.23 tie_down jets|turboprops|props Ramp Start 2
1301 B airline 
18 -23.37014877 -149.52832769 1 BCN
19 -23.36792058 -149.52844877 1 WS
19 -23.36056956 -149.51994412 1 WS
54 11830 INFO
1000 CALM ATC Flow
1001 NTAT 000 359 2
1002 NTAT 0
1003 NTAT 0.0
1101 03 left
1100 03  12102 arrivals|departures heavy|jets|turboprops|props|helos|fighters 000000 000000 Arr,Dep Rwy 03
1000 WIND FROM EAST ATC Flow
1001 NTAT 322 143 999
1002 NTAT 0
1003 NTAT 0.0
1101 03 left
1100 03  12102 arrivals|departures heavy|jets|turboprops|props|helos|fighters 000000 000000 Arr,Dep Rwy 03
1000 WIND FROM WEST ATC Flow
1001 NTAT 144 321 999
1002 NTAT 0
1003 NTAT 0.0
1101 21 right
1100 21  12102 arrivals|departures heavy|jets|turboprops|props|helos|fighters 000000 000000 Arr,Dep Rwy 21
1200 
1201 -23.37074079 -149.52876455 both 0 ground_stop
1201 -23.37066876 -149.52866760 both 1 ground_stop
1201 -23.37092033 -149.52892658 both 2 ground_stop
1201 -23.37052676 -149.52899226 both 3 ground_stop
1201 -23.36091878 -149.51894468 both 4 rwy_start
1201 -23.36965733 -149.52952609 both 5 rwy_start
1201 -23.37071192 -149.52900474 both 6 A_stop
1201 -23.37046188 -149.52887156 both 7 A_stop
1201 -23.37038770 -149.52904563 both 8 A_stop
1201 -23.36991102 -149.52951816 both 9 A_stop
1201 -23.37027430 -149.52916072 both 10 A_stop
1202 4 5 twoway runway 03/21
1204 departure 03,21
1204 arrival 03,21
1204 ils 03,21
1202 8 3 twoway taxiway_C A
1202 3 6 twoway taxiway_C A
1202 8 7 twoway taxiway_C A
1202 9 10 twoway taxiway_C A
1204 departure 03,21
1204 arrival 03,21
1202 10 8 twoway taxiway_C A
1202 5 9 twoway taxiway_C A
1204 departure 03,21
1204 arrival 03,21
1206 2 0 twoway  ground
1206 0 1 twoway  ground
1400 -23.37093769 -149.52877881  408.84 gpu 0 Service Truck
1400 -23.37103461 -149.52882982 -87.14 baggage_train 1 Service Truck
1400 -23.37091130 -149.52879542  408.90 food 0 Service Truck
1400 -23.37096041 -149.52887083  230.41 baggage_loader 0 Service Truck
1400 -23.37098168 -149.52875541  231.67 fuel_props 0 Service Truck
1401 -23.37065185 -149.52861727  272.30 fuel_props|food|gpu Service Truck Destination
1401 -23.37071822 -149.52887606  332.53 baggage_loader|baggage_train Service Truck Destination
99
