I
1100 Generated by WorldEditor 1.7.1r2

1     15 0 0 NTAV Raivavae
1302 city 
1302 country French Polynesia
1302 datum_lat -23.886388889
1302 datum_lon -147.665277778
1302 faa_code 
1302 iata_code RVV
1302 icao_code NTAV
1302 region_code NT
1302 state (unassigned)
1302 transition_alt 3000
1302 transition_level 
100 29.87 1 0 0.25 0 1 0 06 -23.88717150 -147.66844678    0    0 2 0 0 1 24 -23.88340357 -147.65529828    0    0 2 0 0 1
110 1 0.30 162.0900 Taxiway
111 -23.88493075 -147.66522594 20
111 -23.88517778 -147.66608128
111 -23.88553651 -147.66596018
111 -23.88550226 -147.66584879
112 -23.88565181 -147.66553467 -23.88581411 -147.66546667
112 -23.88594523 -147.66543437 -23.88608922 -147.66538767
111 -23.88619560 -147.66551989
111 -23.88623686 -147.66524780
111 -23.88606401 -147.66506625
112 -23.88590780 -147.66527947 -23.88577141 -147.66532931
112 -23.88560652 -147.66538602 -23.88544718 -147.66543020
111 -23.88532127 -147.66520103
113 -23.88528769 -147.66510040 20
110 1 0.25 69.9500 Taxiway
111 -23.88729826 -147.66840148
111 -23.88741756 -147.66836059
111 -23.88736193 -147.66816776
113 -23.88718187 -147.66799215
110 1 0.25 253.4800 Taxiway
111 -23.88327631 -147.65534297
111 -23.88315487 -147.65538729
111 -23.88321061 -147.65557271
113 -23.88339310 -147.65575212
110 3 0.00 162.1000 Taxiway
111 -23.88512468 -147.66621269
111 -23.88567380 -147.66603839
111 -23.88563616 -147.66592564
111 -23.88553651 -147.66596018
111 -23.88517778 -147.66608128
111 -23.88493075 -147.66522594
111 -23.88528769 -147.66510040
111 -23.88527142 -147.66504485
113 -23.88481990 -147.66520466
130 Airport Boundary
111 -23.88419406 -147.66491849
111 -23.88501044 -147.66651814
111 -23.88596673 -147.66617419
111 -23.88684101 -147.66922117
111 -23.88784234 -147.66888587
111 -23.88370983 -147.65448686
111 -23.88268389 -147.65484527
113 -23.88541560 -147.66442834
120 Linear Feature
111 -23.88580067 -147.66532147 4
115 -23.88584414 -147.66546622
120 Linear Feature
111 -23.88737099 -147.66823920 20
112 -23.88707155 -147.66793685 -23.88703286 -147.66789502 20
116 -23.88696312 -147.66771655 -23.88693174 -147.66760623
120 Linear Feature
111 -23.88594437 -147.66534797 20 101
116 -23.88614484 -147.66485907 -23.88604027 -147.66449787
120 Linear Feature
111 -23.88532747 -147.66599060 20
112 -23.88550064 -147.66559274 -23.88552427 -147.66553621 20
116 -23.88561713 -147.66546408 -23.88566155 -147.66544826
120 Linear Feature
111 -23.88320273 -147.65549557 20
112 -23.88348768 -147.65577329 -23.88352596 -147.65581283 20
112 -23.88358588 -147.65593689 -23.88360551 -147.65600643 20
115 -23.88363859 -147.65612191
120 Linear Feature
111 -23.88504045 -147.66551092 20
111 -23.88561713 -147.66546408 20 101
111 -23.88594437 -147.66534797 20 101
116 -23.88636168 -147.66561768 -23.88645022 -147.66592433
21 -23.88621045 -147.66629291 2 72.9000 3.00 06  PAPI-4L
21 -23.88456979 -147.65804728 2 252.8600 3.00 24  PAPI-4L
20 -23.88627520 -147.66460587 250.9500 0 2 {@L}24{@Y}A{^r}
20 -23.88624704 -147.66586882 73.9300 0 2 {@L}06{@Y,^l}A
20 -23.88578821 -147.66528041 162.6500 0 2 {@L}A{@R}24-06{@@,safety,@L}A
14 -23.88490723 -147.66574299  88.58 0 Tower Viewpoint
1300 -23.88505737 -147.66550928  -4.87 misc jets|turboprops|props Ramp Start 1
1301 C none 
1300 -23.88532813 -147.66598801 -65.99 tie_down jets|turboprops|props Ramp Start 2
1301 C airline 
18 -23.88483975 -147.66498910 1 BCN
19 -23.88735451 -147.66486611 1 WS
50 11850 ATIS
1000 CALM ATC Flow
1001 NTAV 000 359 2
1002 NTAV 0
1003 NTAV 0.0
1101 06 right
1100 06  12102 arrivals|departures heavy|jets|turboprops|props|helos|fighters 000000 000000 Arr,Dep Rwy 06
1000 WIND FROM EAST ATC Flow
1001 NTAV 340 055 999
1002 NTAV 0
1003 NTAV 0.0
1101 06 right
1100 06  12102 arrivals|departures heavy|jets|turboprops|props|helos|fighters 000000 000000 Arr,Dep Rwy 06
1000 WIND FROM WEST ATC Flow
1001 NTAV 056 339 999
1002 NTAV 0
1003 NTAV 0.0
1101 24 left
1100 24  12102 arrivals|departures heavy|jets|turboprops|props|helos|fighters 000000 000000 Arr,Dep Rwy 24
1200 
1201 -23.88503509 -147.66540757 both 0 ground_stop
1201 -23.88524818 -147.66592389 both 1 ground_stop
1201 -23.88525483 -147.66521401 both 2 ground_stop
1201 -23.88546223 -147.66548848 both 3 ground_stop
1201 -23.88521628 -147.66505451 both 4 ground_start
1201 -23.88344812 -147.65545174 both 5 rwy_stop
1201 -23.88712035 -147.66826122 both 6 rwy_start
1201 -23.88629308 -147.66537552 both 7 rwy_start
1201 -23.88620970 -147.66509339 both 8 rwy_start
1201 -23.88534856 -147.66549650 both 9 A_stop
1201 -23.88545898 -147.66567468 both 10 A_stop
1201 -23.88557270 -147.66547991 both 11 A_stop
1201 -23.88599340 -147.66533085 both 12 A_stop
1201 -23.88581789 -147.66539295 both 13 A_stop
1202 6 7 twoway runway 06/24
1204 departure 06,24
1204 arrival 06,24
1204 ils 06,24
1202 7 8 twoway runway 06/24
1204 departure 06,24
1204 arrival 06,24
1204 ils 06,24
1202 8 5 twoway runway 06/24
1204 departure 06,24
1204 arrival 06,24
1204 ils 06,24
1202 11 3 twoway taxiway_C A
1202 3 9 twoway taxiway_C A
1202 11 10 twoway taxiway_C A
1202 12 13 twoway taxiway_C A
1204 departure 06,24
1204 arrival 06,24
1202 13 11 twoway taxiway_C A
1202 7 12 twoway taxiway_C A
1204 departure 06,24
1204 arrival 06,24
1202 8 12 twoway taxiway_C A
1204 departure 06,24
1204 arrival 06,24
1206 2 0 twoway  ground
1206 2 3 twoway  ground
1206 3 1 twoway  ground
1206 4 2 twoway  ground
1400 -23.88513831 -147.66502616  252.37 gpu 0 Service Truck
1400 -23.88508850 -147.66518677  164.05 baggage_train 1 Service Truck
1400 -23.88515396 -147.66499236  252.43 food 0 Service Truck
1400 -23.88518548 -147.66500200  73.94 baggage_loader 0 Service Truck
1400 -23.88525757 -147.66488699  252.32 fuel_props 0 Service Truck
1401 -23.88524768 -147.66592787  115.83 fuel_props|food|gpu Service Truck Destination
1401 -23.88503583 -147.66540516  176.06 baggage_loader|baggage_train Service Truck Destination
99
