I
1100 Generated by WorldEditor 1.7.1r2

1     21 0 0 NTGA Anaa
1302 city 
1302 country French Polynesia
1302 datum_lat -17.355
1302 datum_lon -145.508333333
1302 faa_code 
1302 iata_code AAA
1302 icao_code NTGA
1302 region_code NT
1302 state Tuamotu Islands
1302 transition_alt 3000
1302 transition_level 
100 29.87 1 0 0.25 0 0 0 14 -17.34673149 -145.51354178    0    0 2 0 0 0 32 -17.35845123 -145.50642504   46    0 2 0 0 0
110 1 0.25 58.0000 Taxiway
111 -17.35486031 -145.50876128
112 -17.35519362 -145.50884196 -17.35528011 -145.50898190
111 -17.35545760 -145.50930206
111 -17.35539018 -145.50976743
111 -17.35551335 -145.50998768
111 -17.35610084 -145.50961197
111 -17.35598048 -145.50938387
111 -17.35557107 -145.50923883
112 -17.35531727 -145.50877713 -17.35524829 -145.50864980
111 -17.35538685 -145.50844480
113 -17.35506335 -145.50849678
110 1 0.25 148.0000 Taxiway
111 -17.35811641 -145.50678887
112 -17.35822999 -145.50676804 -17.35827803 -145.50676631
112 -17.35844781 -145.50673113 -17.35852230 -145.50668276
113 -17.35851672 -145.50654606
110 1 0.25 148.0000 Taxiway
111 -17.34704904 -145.51318531
112 -17.34691590 -145.51319122 -17.34688845 -145.51319233
112 -17.34672031 -145.51324114 -17.34665061 -145.51329203
113 -17.34666471 -145.51342043
130 Airport Boundary
111 -17.35428504 -145.50999888
111 -17.35582348 -145.51050855
111 -17.35663435 -145.50992464
111 -17.35641944 -145.50862521
111 -17.35896968 -145.50714291
111 -17.35828161 -145.50582584
111 -17.34599445 -145.51302151
113 -17.34670789 -145.51436353
120 Hold
111 -17.35536557 -145.50914058 4
115 -17.35547613 -145.50907065
14 -17.35590301 -145.50996707  82.02 0 Tower Viewpoint
1300 -17.35558446 -145.50978607 327.42 misc jets|turboprops|props Ramp 1
1301 B none 
1300 -17.35590292 -145.50957949 327.71 tie_down jets|turboprops|props Ramp 2
1301 B general_aviation 
18 -17.35635700 -145.50913338 1 Airport Beacon
19 -17.34886340 -145.51146832 1 WS
50 12350 Tahiti Control
99
