I
1100 Generated by WorldEditor 1.7.1r2

1     16 0 0 NTGF Fakarava
1302 city 
1302 country French Polynesia
1302 datum_lat -16.0525
1302 datum_lon -145.653055556
1302 faa_code 
1302 iata_code FAV
1302 icao_code NTGF
1302 region_code NT
1302 state (unassigned)
1302 transition_alt 9000
1302 transition_level 
100 29.87 1 0 0.25 0 1 0 05 -16.05733941 -145.66385453    0    0 2 0 0 1 23 -16.05189950 -145.65200472    0    0 2 0 0 1
110 1 0.25 64.9015 Taxiway
111 -16.05220113 -145.65234266
111 -16.05224744 -145.65216985
111 -16.05211872 -145.65189506
113 -16.05201928 -145.65194531
110 1 0.25 64.9015 Taxiway
111 -16.05701752 -145.66347602
112 -16.05702020 -145.66361379 -16.05701581 -145.66367668
112 -16.05703917 -145.66383816 -16.05708596 -145.66392519
113 -16.05721890 -145.66391329
110 1 0.30 64.5000 taxiway
111 -16.05311019 -145.65224951 3
111 -16.05276802 -145.65241957 3 102
112 -16.05265680 -145.65281364 -16.05249173 -145.65289515 3 102
111 -16.05240328 -145.65278153
111 -16.05241385 -145.65301574
111 -16.05257353 -145.65314834 3 102
112 -16.05274754 -145.65292222 -16.05290142 -145.65284798 3 102
111 -16.05306575 -145.65302100 3 102
111 -16.05320446 -145.65332749 3 102
112 -16.05304683 -145.65362641 -16.05289743 -145.65370502 3 102
111 -16.05274408 -145.65352020
111 -16.05275585 -145.65385064
111 -16.05299262 -145.65406661 3 102
112 -16.05311355 -145.65375757 -16.05326463 -145.65367547 3 102
111 -16.05356123 -145.65390853 3
113 -16.05380197 -145.65378773 3
130 Airport Boundary
111 -16.05110540 -145.65181288
111 -16.05647889 -145.66470695
111 -16.05799205 -145.66408609
111 -16.05411789 -145.65505949
111 -16.05436958 -145.65459401
111 -16.05333508 -145.65143282
113 -16.05202057 -145.65137007
120 Hold
111 -16.05338475 -145.65379139 4
115 -16.05319948 -145.65340914
120 Hold
111 -16.05297065 -145.65294294 4
115 -16.05278066 -145.65253497
120 Linear Feature
112 -16.05247022 -145.65324792 -16.05240999 -145.65311246 1 101
116 -16.05255498 -145.65294207 -16.05263463 -145.65289658
120 Linear Feature
112 -16.05284892 -145.65406992 -16.05278869 -145.65393447 1 101
116 -16.05293983 -145.65377081 -16.05301949 -145.65372532
120 Linear Feature
112 -16.05265313 -145.65364209 -16.05269859 -145.65374277 1 101
112 -16.05293983 -145.65377081 -16.05306107 -145.65370167 1 101
112 -16.05326902 -145.65359297 -16.05332847 -145.65356507 1 101
115 -16.05365954 -145.65359539
120 Linear Feature
112 -16.05226827 -145.65281336 -16.05231373 -145.65291404 1 101
112 -16.05255498 -145.65294207 -16.05267621 -145.65287293 1 101
112 -16.05288416 -145.65276423 -16.05294362 -145.65273633 1 101
115 -16.05327468 -145.65276666
21 -16.05666889 -145.66170548 3 64.5000 3.00 05  PAPI-4L
21 -16.05262302 -145.65426646 3 244.5000 3.00 23  PAPI-4L
14 -16.05384219 -145.65405376  88.58 0 Tower Viewpoint
1300 -16.05328998 -145.65276684 -176.19 misc jets|turboprops|props Ramp Start 1
1301 C none 
1300 -16.05364154 -145.65359629 -176.19 misc jets|turboprops|props Ramp Start 2
1301 C none 
18 -16.05291195 -145.65190826 1 BCN
19 -16.05561314 -145.66172930 1 WS
19 -16.05250180 -145.65461514 1 WS
54 11990 INFO
99
