I
1100 Generated by WorldEditor 1.6.1r1

1     20 0 0 NTGN Napuka
1302 city Napuka Island
1302 country French Polynesia
1302 datum_lat -14.176944444
1302 datum_lon -141.266944444
1302 faa_code 
1302 iata_code NAU
1302 icao_code NTGN
1302 region_code NT
1302 state (unassigned)
1302 transition_alt 3000
1302 transition_level 
100 24.99 1 0 0.25 0 0 0 10 -14.17490089 -141.27104885    6    0 1 0 0 0 28 -14.17989437 -141.26110620   55    0 1 0 0 0
110 1 0.25 25.9000 Apron
111 -14.17591293 -141.26659294
111 -14.17608515 -141.26623796
111 -14.17587408 -141.26613097
113 -14.17571154 -141.26647710
110 1 0.25 28.2600 Taxiway
112 -14.17683692 -141.26675558 -14.17676054 -141.26676474
111 -14.17672408 -141.26674825
112 -14.17609808 -141.26641176 -14.17605483 -141.26638840
111 -14.17607558 -141.26625392
111 -14.17595100 -141.26638724
111 -14.17592785 -141.26656181
112 -14.17605588 -141.26650626 -14.17608224 -141.26651901
111 -14.17668631 -141.26685212
112 -14.17675043 -141.26693748 -14.17677244 -141.26698902
111 -14.17675319 -141.26711082
111 -14.17695368 -141.26694997
113 -14.17697935 -141.26665888
110 1 0.25 298.1700 Turn
111 -14.17999370 -141.26115972
111 -14.17976669 -141.26161210
112 -14.17986948 -141.26152784 -14.17991930 -141.26149969
112 -14.18007116 -141.26137645 -14.18011802 -141.26126571
113 -14.18001048 -141.26116837
110 12 0.30 318.2246 Beach
111 -14.17979254 -141.26104580
111 -14.17945938 -141.26171270
111 -14.17966995 -141.26181777
111 -14.18011194 -141.26157784
111 -14.18022332 -141.26123343
111 -14.18021561 -141.26103607
113 -14.17997347 -141.26092494
110 12 0.30 318.2246 Beach
111 -14.17428791 -141.27093551
111 -14.17440400 -141.27125174
111 -14.17471081 -141.27129883
111 -14.17532289 -141.27111926
111 -14.17521702 -141.27070415
111 -14.17498473 -141.27060503
113 -14.17441293 -141.27073364
130 Bound
111 -14.17419108 -141.27090595
111 -14.17431254 -141.27127765
111 -14.17472751 -141.27134738
111 -14.17535705 -141.27115253
111 -14.18045545 -141.26099869
111 -14.17909260 -141.26026904
113 -14.17538107 -141.26599352
120 Taxi
112 -14.17686915 -141.26713023 -14.17690822 -141.26705253 51
112 -14.17679024 -141.26684566 -14.17672718 -141.26681109 51
116 -14.17600007 -141.26641480 -14.17593259 -141.26637547
120 Taxi
112 -14.17704478 -141.26677996 -14.17699567 -141.26687619 51
116 -14.17679024 -141.26684566 -14.17672718 -141.26681109
120 Hold
111 -14.17672907 -141.26675138 54
115 -14.17668210 -141.26684832
14 -14.17566842 -141.26622131  88.58 0 Tower Viewpoint
1300 -14.17581571 -141.26645057  29.70 misc jets|turboprops|props|helos Ramp  1
1301 B none 
1300 -14.17591097 -141.26623991  25.40 misc jets|turboprops|props|helos Ramp  2
1301 B none 
18 -14.17617407 -141.26585680 1 Airport Beacon
19 -14.17762084 -141.26764060 1 Windsock
51 12350 Napuka Traffic
99
