I
1100 Generated by WorldEditor 1.7.1r2

1      4 0 0 NTGP Puka Puka
1302 city 
1302 country French Polynesia
1302 datum_lat -14.81
1302 datum_lon -138.811111111
1302 faa_code 
1302 iata_code PKP
1302 icao_code NTGP
1302 region_code NT
1302 state (unassigned)
1302 transition_alt 9000
1302 transition_level 
100 24.99 1 0 0.25 0 0 0 10 -14.80780767 -138.81680437    0    0 2 0 0 0 28 -14.81127746 -138.80817844    0    0 2 0 0 0
110 1 0.30 112.6600 Taxiway
112 -14.80990193 -138.81096551 -14.80983437 -138.81093604
111 -14.80990193 -138.81096551
112 -14.80990193 -138.81096551 -14.80988134 -138.81095653
112 -14.80951284 -138.81078838 -14.80934199 -138.81071038
111 -14.80951284 -138.81078838
112 -14.80951284 -138.81078838 -14.80937729 -138.81072650
111 -14.80925861 -138.81067226
111 -14.80914709 -138.81092542
111 -14.80935574 -138.81102793
111 -14.80963988 -138.81097479
112 -14.80986140 -138.81106754 -14.80992978 -138.81109954
111 -14.80992602 -138.81124183
111 -14.81007685 -138.81109809
113 -14.81007255 -138.81088266
130 Airport Boundary
111 -14.80735973 -138.81689837
111 -14.80804893 -138.81718879
111 -14.81188253 -138.80786913
111 -14.81113394 -138.80755118
111 -14.80991323 -138.81054971
111 -14.80929725 -138.81026685
111 -14.80889870 -138.81120066
113 -14.80953283 -138.81151611
120 Hold
111 -14.80978079 -138.81091123 4
115 -14.80973829 -138.81101363
120 Linear Feature
112 -14.80990044 -138.81102287 -14.81002661 -138.81107760 51 101
116 -14.81017802 -138.81091004 -14.81022524 -138.81079047
120 Linear Feature
112 -14.80927413 -138.81083636 -14.80926056 -138.81086794 51
112 -14.80930359 -138.81096683 -14.80935162 -138.81099293 51
111 -14.80940815 -138.81097595 51
112 -14.80963406 -138.81093030 -14.80965117 -138.81092724 51
112 -14.80968545 -138.81092988 -14.80970463 -138.81093747 51
112 -14.80990005 -138.81102233 -14.81002661 -138.81107760 51 101
116 -14.81000669 -138.81133892 -14.80996436 -138.81143996
14 -14.80910190 -138.81068563  49.21 0 Tower Viewpoint
1300 -14.80928078 -138.81082322 116.57 misc jets|turboprops|props Ramp Start
1301 B none 
18 -14.80894349 -138.81103109 1 Airport Beacon
19 -14.81041781 -138.81125762 1 WS
99
