I
1100 Generated by WorldEditor 1.7.1r2

1     13 0 0 NTGQ Pukarua
1302 city Pukarua
1302 country French Polynesia
1302 datum_lat -18.296079
1302 datum_lon -137.015897
1302 faa_code 
1302 iata_code PUK
1302 icao_code NTGQ
1302 region_code NT
1302 state Tuamotu Islands
1302 transition_alt 9000
1302 transition_level 
100 23.00 1 0 0.25 0 0 0 12 -18.29207850 -137.02022730    0    0 2 0 0 0 30 -18.29950864 -137.01219427    0    0 2 0 0 0
110 1 0.25 133.1405 Taxiway
111 -18.29231523 -137.01981606
111 -18.29200339 -137.01993782
111 -18.29189808 -137.02004698
113 -18.29200476 -137.02015163
110 1 0.25 313.7856 Taxiway
111 -18.29926712 -137.01260952
111 -18.29956797 -137.01250878
111 -18.29968486 -137.01238323
113 -18.29958140 -137.01227041
110 1 0.30 134.0000 Taxiway
111 -18.29507007 -137.01714274
112 -18.29541631 -137.01709054 -18.29554954 -137.01720686
112 -18.29561162 -137.01731387 -18.29564308 -137.01738579
111 -18.29564012 -137.01761839
111 -18.29578234 -137.01777366
111 -18.29620030 -137.01733649
111 -18.29604323 -137.01718296
112 -18.29578580 -137.01718093 -18.29570645 -137.01716912
112 -18.29553847 -137.01701346 -18.29539995 -137.01687146
111 -18.29553314 -137.01664059
113 -18.29523347 -137.01683081
130 Airport Boundary
111 -18.29117928 -137.02010553
111 -18.29230230 -137.02128874
111 -18.29521283 -137.01816822
111 -18.29586646 -137.01815632
111 -18.29626629 -137.01796526
111 -18.29664763 -137.01760389
111 -18.29665030 -137.01746478
111 -18.29631979 -137.01697731
111 -18.30082650 -137.01209621
113 -18.29947631 -137.01076014
120 Linear Feature
111 -18.29559446 -137.01727366 54
115 -18.29569902 -137.01715764
120 Linear Feature
112 -18.29918149 -137.01254827 -18.29923511 -137.01249437 51
112 -18.29950563 -137.01242691 -18.29953378 -137.01242055 51
112 -18.29954678 -137.01235003 -18.29954397 -137.01230441 51
112 -18.29950200 -137.01225761 -18.29947620 -137.01223416 51
115 -18.29944293 -137.01226487
120 Linear Feature
112 -18.29239718 -137.01988282 -18.29234592 -137.01993920 51
112 -18.29206838 -137.02000017 -18.29204053 -137.02000786 51
112 -18.29203995 -137.02008301 -18.29204471 -137.02012845 51
112 -18.29208781 -137.02015916 -18.29212223 -137.02017323 51
115 -18.29216003 -137.02013633
120 Linear Feature
111 -18.29569681 -137.01725211 51
115 -18.29587342 -137.01732828
120 Linear Feature
111 -18.29568474 -137.01726966 51
115 -18.29575906 -137.01744934
120 Linear Feature
111 -18.29566606 -137.01723375 51
112 -18.29573166 -137.01724894 -18.29576614 -137.01724894 51
115 -18.29608537 -137.01724827
120 Linear Feature
112 -18.29537467 -137.01694543 -18.29529536 -137.01686795 51 101
116 -18.29538168 -137.01664550 -18.29543226 -137.01659162
120 Linear Feature
112 -18.29512759 -137.01693981 -18.29518122 -137.01688333 51 101
112 -18.29537467 -137.01694543 -18.29544246 -137.01701088 51
111 -18.29566535 -137.01723251 51
112 -18.29568263 -137.01731449 -18.29568429 -137.01735981 51
115 -18.29569961 -137.01767408
14 -18.29608540 -137.01770349  70.00 0 Tower Viewpoint
1300 -18.29580481 -137.01759898 313.61 misc jets|turboprops|props Ramp 1
1301 B none 
1300 -18.29601699 -137.01736431 314.23 tie_down jets|turboprops|props Ramp 2
1301 B general_aviation 
18 -18.29546312 -137.01742992 1 Airport Beacon
19 -18.29469235 -137.01628236 0 New Windsock 4
99
