I
1100 Generated by WorldEditor 1.6.1r1

1      9 1 0 NTGW Nukutavake
1302 city Nukutavake
1302 country French Polynesia
1302 datum_lat -19.285
1302 datum_lon -138.771666667
1302 faa_code 
1302 iata_code NUK
1302 icao_code NTGW
1302 region_code NT
1302 state (unassigned)
1302 transition_alt 
1302 transition_level 
100 25.00 2 0 0.00 1 2 1 07 -19.28514720 -138.77341660    0    0 2 0 0 0 25 -19.28415830 -138.76367700    0    0 2 0 0 0
110 2 0.00 0.0000 New Taxiway 1
111 -19.28485803 -138.77168660
112 -19.28473949 -138.77182264 -19.28466440 -138.77187038
111 -19.28461780 -138.77186358
111 -19.28454032 -138.77166756
111 -19.28427576 -138.77169059
111 -19.28430428 -138.77220646
111 -19.28454223 -138.77218227
111 -19.28462731 -138.77207780
112 -19.28472060 -138.77206881 -19.28481822 -138.77206881
113 -19.28489660 -138.77207595
130 Airport Boundary 1
111 -19.28584983 -138.77402474
111 -19.28482785 -138.76311823
111 -19.28287408 -138.76342074
113 -19.28367062 -138.77391329
1300 -19.28442152 -138.77192723  45.00 misc props GA Ramp
1301 E none 
18 -19.28468568 -138.77176162 1 New Airport Beacon 1
19 -19.28391393 -138.76373754 0 New Windsock 2
19 -19.28536306 -138.77337692 0 New Windsock 1
99
