I
1100 Generated by WorldEditor 1.7.1r2

1     12 0 0 NTKF Faaite
1302 city 
1302 country French Polynesia
1302 datum_lat -16.686666667
1302 datum_lon -145.332777778
1302 faa_code 
1302 iata_code FAC
1302 icao_code NTKF
1302 region_code NT
1302 state Tuamotu Islands
1302 transition_alt 9000
1302 transition_level 
100 22.86 1 0 0.25 0 0 0 08 -16.68660938 -145.33484564    0    0 2 0 0 0 26 -16.68649298 -145.32379059    0    0 2 0 0 0
110 1 0.30 88.5400 Taxiway
111 -16.68724192 -145.33238860
112 -16.68706823 -145.33256877 -16.68702247 -145.33260460
112 -16.68683329 -145.33258954 -16.68671449 -145.33253993
111 -16.68668237 -145.33240756
111 -16.68659260 -145.33268774
111 -16.68669564 -145.33299911
112 -16.68683872 -145.33279140 -16.68695577 -145.33273168
112 -16.68706674 -145.33280843 -16.68711250 -145.33284610
111 -16.68724758 -145.33298173
111 -16.68745835 -145.33298305
113 -16.68745490 -145.33238227
110 1 0.25 267.6272 Taxiway
111 -16.68659775 -145.32418526
112 -16.68662856 -145.32405821 -16.68665027 -145.32402092
112 -16.68672269 -145.32388844 -16.68672072 -145.32378866
113 -16.68659503 -145.32378911
110 1 0.25 89.0355 Taxiway
111 -16.68650251 -145.33440175
112 -16.68647075 -145.33452592 -16.68644704 -145.33456710
112 -16.68637998 -145.33471072 -16.68637928 -145.33480347
113 -16.68650689 -145.33484587
130 Airport Boundary
111 -16.68764327 -145.33342818
111 -16.68811976 -145.33325678
111 -16.68810552 -145.33216724
111 -16.68746241 -145.33157930
111 -16.68741657 -145.32319931
111 -16.68612463 -145.32321853
111 -16.68609899 -145.33545375
113 -16.68751298 -145.33543652
120 Hold
111 -16.68715965 -145.33289172 4
115 -16.68715277 -145.33249129
120 Linear Feature
111 -16.68708837 -145.33265588 51
115 -16.68724572 -145.33259333
120 Linear Feature
111 -16.68708898 -145.33271022 51
115 -16.68724996 -145.33277024
120 Linear Feature
111 -16.68701184 -145.33268573 51
112 -16.68708443 -145.33264084 -16.68711368 -145.33261030 51
115 -16.68732499 -145.33239216
120 Linear Feature
112 -16.68658317 -145.33235106 -16.68658235 -145.33252498 51 101
116 -16.68683601 -145.33269119 -16.68695419 -145.33268791
120 Linear Feature
112 -16.68659012 -145.33301791 -16.68658750 -145.33284141 51 101
112 -16.68683601 -145.33269119 -16.68696151 -145.33268573 51
111 -16.68701184 -145.33268573 51
112 -16.68708857 -145.33272671 -16.68713191 -145.33276894 51
115 -16.68732261 -145.33296922
14 -16.68751066 -145.33292088  82.02 0 Tower Viewpoint
1300 -16.68736292 -145.33284341 -89.56 misc jets|turboprops|props Ramp 1
1301 B none 
1300 -16.68735636 -145.33251704 -90.11 tie_down jets|turboprops|props Ramp 2
1301 B general_aviation 
18 -16.68737037 -145.33183270 1 Airport Beacon
19 -16.68749598 -145.33456187 1 WS
50 12350 Info Tahiti Control
99
