I
1100 Generated by WorldEditor 1.6.0r1

1     13 1 0 NTKM Takume
1302 city Takume
1302 country French Polynesia
1302 datum_lat -15.855555556
1302 datum_lon -142.268333333
1302 faa_code 
1302 iata_code TJN
1302 icao_code NTKM
1302 region_code NT
1302 state (unassigned)
1302 transition_alt 9000
1302 transition_level 
1302 flatten 1
100 18.00 2 0 0.00 1 2 1 13 -15.85423300 -142.26932800    0    0 2 9 0 0 31 -15.86029700 -142.26371100    0    0 2 9 0 0
110 1 0.00 138.3000 New Taxiway 6
111 -15.85488917 -142.26754473
111 -15.85481442 -142.26745624
111 -15.85471536 -142.26754891
113 -15.85478956 -142.26763737
110 4 0.00 138.3000 New Taxiway 3
111 -15.85464615 -142.26761540
111 -15.85453358 -142.26748071
111 -15.85452654 -142.26748802
113 -15.85463882 -142.26762211
110 2 0.00 138.3000 New Taxiway 1
111 -15.85544241 -142.26809706 102
112 -15.85537753 -142.26810965 -15.85535200 -142.26810838 102
111 -15.85532838 -142.26807490 102
111 -15.85499501 -142.26769165 102
112 -15.85497288 -142.26764225 -15.85497330 -142.26761724
111 -15.85499751 -142.26759618
111 -15.85507300 -142.26752500
111 -15.85492508 -142.26735271
111 -15.85481442 -142.26745624
111 -15.85488917 -142.26754473
111 -15.85478956 -142.26763737
111 -15.85471536 -142.26754891
111 -15.85461205 -142.26764557
111 -15.85475751 -142.26781772
111 -15.85482935 -142.26775048
112 -15.85487851 -142.26773045 -15.85490004 -142.26773264 102
111 -15.85492036 -142.26775954 102
111 -15.85525581 -142.26814462 102
112 -15.85527348 -142.26820762 -15.85527165 -142.26824743 102
113 -15.85524976 -142.26827675
130 Airport Boundary 1
111 -15.86105754 -142.26384023
111 -15.85976761 -142.26229527
111 -15.85313569 -142.26843140
113 -15.85438355 -142.26996179
120 Linear Feature 4
111 -15.85521582 -142.26841352 1
111 -15.85529912 -142.26833666 1
112 -15.85532790 -142.26822300 -15.85532116 -142.26814377 1
111 -15.85529206 -142.26810935 1
112 -15.85539162 -142.26817060 -15.85545406 -142.26818401 1
111 -15.85549782 -142.26815230 1
115 -15.85559054 -142.26806686
120 Linear Feature 5
111 -15.85529206 -142.26810935 1
115 -15.85491506 -142.26767502
120 Linear Feature 2
111 -15.85520289 -142.26793175 4
115 -15.85513041 -142.26799954
1300 -15.85482916 -142.26757660 -41.59 tie_down jets|props Ramp
1301 B none 
99
