I
1100 Generated by WorldEditor 1.7.1r2

1     20 0 0 NTKN Niau
1302 city Tupana
1302 country French Polynesia
1302 datum_lat -16.119
1302 datum_lon -146.368
1302 faa_code 
1302 iata_code NIU
1302 icao_code NTKN
1302 region_code NT
1302 state Tuamotu Islands
1302 transition_alt 3000
1302 transition_level 
1302 flatten 1
100 22.86 1 0 0.25 0 0 0 06 -16.12082382 -146.37370229    0    0 2 0 0 0 24 -16.11747998 -146.36322622    0    0 2 0 0 0
110 1 0.25 337.8500 Taxiway
111 -16.12092130 -146.37366823
112 -16.12147099 -146.37347587 -16.12169374 -146.37340076
111 -16.12185260 -146.37358822
111 -16.12206606 -146.37350725
111 -16.12188721 -146.37294659
111 -16.12164644 -146.37302918
112 -16.12142635 -146.37333976 -16.12119837 -146.37343011
112 -16.12111383 -146.37345165 -16.12094590 -146.37350370
111 -16.12079642 -146.37328194
113 -16.12077908 -146.37354477
110 1 0.25 250.5900 Taxiway
111 -16.11770465 -146.36359269
112 -16.11772783 -146.36334870 -16.11774715 -146.36327785
112 -16.11770319 -146.36321601 -16.11764466 -146.36317769
113 -16.11757621 -146.36319325
130 Airport Boundary
111 -16.12282457 -146.37370002
111 -16.12221816 -146.37182103
111 -16.12086091 -146.37200820
111 -16.11760331 -146.36236816
111 -16.11689011 -146.36264869
113 -16.12071221 -146.37445912
120 Hold
111 -16.12147902 -146.37346870 4
115 -16.12143524 -146.37334079
14 -16.12210128 -146.37322644  82.02 0 Tower Viewpoint
1300 -16.12192377 -146.37341368 -108.98 misc jets|turboprops|props Ramp 1
1301 B none 
1300 -16.12183125 -146.37310937 -109.20 tie_down jets|turboprops|props Ramp 2
1301 B general_aviation 
18 -16.12185743 -146.37250196 1 Airport Beacon
19 -16.11982826 -146.37307161 1 WS
50 12350 Info Tahiti Control
99
