I
1100 Generated by WorldEditor 1.7.1r2

1     12 0 0 NTKO Raroia
1302 city Garumaoa
1302 country French Polynesia
1302 datum_lat -16.05
1302 datum_lon -142.477
1302 faa_code 
1302 iata_code RRR
1302 icao_code NTKO
1302 region_code NT
1302 state Tuamotu Islands
1302 transition_alt 3000
1302 transition_level 
1302 flatten 1
100 23.00 1 0 0.25 0 0 0 16 -16.04503222 -142.47715609    0    0 2 0 0 0 34 -16.05563615 -142.47608471    0    0 2 0 0 0
110 1 0.30 263.7491 Taxiway
111 -16.04537523 -142.47701540
112 -16.04513036 -142.47678985 -16.04511268 -142.47663511
112 -16.04509099 -142.47641605 -16.04508138 -142.47629109
111 -16.04528491 -142.47609359
111 -16.04526350 -142.47585850
111 -16.04468108 -142.47591244
111 -16.04469665 -142.47608873
111 -16.04465503 -142.47609255
111 -16.04465920 -142.47617081
111 -16.04473004 -142.47616668
112 -16.04495513 -142.47641946 -16.04496157 -142.47651623
111 -16.04502281 -142.47705028
113 -16.04520568 -142.47713434
110 1 0.25 355.2002 Taxiway
111 -16.05524396 -142.47623141
112 -16.05535813 -142.47626266 -16.05540424 -142.47628197
112 -16.05550832 -142.47632349 -16.05554474 -142.47633873
112 -16.05560855 -142.47628723 -16.05564637 -142.47624313
113 -16.05564467 -142.47618930
130 Airport Boundary
111 -16.05609723 -142.47562350
111 -16.04562761 -142.47669896
111 -16.04546036 -142.47533929
111 -16.04431345 -142.47547657
111 -16.04454653 -142.47773280
113 -16.05617336 -142.47671643
120 Hold
111 -16.04510917 -142.47664308 4
115 -16.04498278 -142.47665748
120 Linear Feature
112 -16.04529802 -142.47712857 -16.04517092 -142.47714104 51 101
112 -16.04508023 -142.47697147 -16.04506951 -142.47686976 51
115 -16.04501375 -142.47633557
14 -16.04496023 -142.47576964  78.74 0 Tower Viewpoint
1300 -16.04482628 -142.47600822 174.27 misc jets|turboprops|props|helos Ramp 1
1301 B none 
1300 -16.04514292 -142.47597343 174.27 tie_down jets|turboprops|props|helos Ramp 2
1301 B general_aviation 
18 -16.04462954 -142.47566021 1 Airport Beacon
19 -16.05394134 -142.47718350 1 WS
50 12350 ATIS
99
