I
1100 Generated by WorldEditor 1.6.1r1

1    229 0 0 NTMD Nuku Hiva
1302 city Taiohae - Nuku Hiva Island
1302 country French Polynesia
1302 datum_lat -8.4736
1302 datum_lon -140.1323
1302 faa_code 
1302 iata_code NHV
1302 icao_code NTMD
1302 region_code NT
1302 state Iles Marquises
1302 transition_alt 5700
1302 transition_level 
100 29.87 1 0 0.25 0 1 0 06 -08.79847121 -140.23603536   11    0 2 0 0 1 24 -08.79278490 -140.22167884    0    0 2 0 0 1
110 1 0.25 74.0000 Taxiway
111 -08.79808165 -140.23575105
111 -08.79823525 -140.23613261
111 -08.79834758 -140.23608533
113 -08.79814542 -140.23556705
110 1 0.25 74.0000 Taxiway
111 -08.79256437 -140.22177194
111 -08.79271416 -140.22214753
111 -08.79284583 -140.22219437
113 -08.79266120 -140.22173045
110 1 0.25 158.0000 Taxiway
111 -08.79355653 -140.22328031
112 -08.79367399 -140.22292065 -08.79380373 -140.22286061
112 -08.79390346 -140.22281894 -08.79412355 -140.22272160
111 -08.79425840 -140.22304431
111 -08.79492814 -140.22277160
112 -08.79484351 -140.22257798 -08.79483596 -140.22256014
112 -08.79486085 -140.22254610 -08.79487006 -140.22254188
111 -08.79504920 -140.22246308
111 -08.79503299 -140.22242704
112 -08.79484360 -140.22250998 -08.79483460 -140.22251397
112 -08.79481095 -140.22249259 -08.79480398 -140.22247641
112 -08.79477901 -140.22241613 -08.79477218 -140.22240094
112 -08.79479524 -140.22237622 -08.79481070 -140.22236839
111 -08.79492418 -140.22231613
111 -08.79489329 -140.22225032
112 -08.79476265 -140.22231194 -08.79474855 -140.22231884
112 -08.79472542 -140.22228440 -08.79471859 -140.22226967
111 -08.79458260 -140.22193819
111 -08.79453883 -140.22196301
111 -08.79450582 -140.22188489
111 -08.79442649 -140.22191886
111 -08.79445707 -140.22200035
111 -08.79392238 -140.22221257
112 -08.79386350 -140.22258558 -08.79369139 -140.22266352
112 -08.79360275 -140.22270720 -08.79347442 -140.22275849
111 -08.79327609 -140.22256701
113 -08.79330743 -140.22295115
130 Airport Boundary
111 -08.79147047 -140.22154619
111 -08.79764453 -140.23732352
111 -08.79966725 -140.23648787
111 -08.79473540 -140.22402396
111 -08.79580000 -140.22296606
111 -08.79433234 -140.21967822
113 -08.79237042 -140.22027554
120 Linear Feature
111 -08.79412487 -140.22261691 1
112 -08.79428633 -140.22252525 -08.79435462 -140.22246198 1
115 -08.79449871 -140.22232206
120 Linear Feature
111 -08.79394836 -140.22268908 1
112 -08.79401855 -140.22254551 -08.79401933 -140.22244898 1
115 -08.79401634 -140.22218510
120 Linear Feature
111 -08.79318722 -140.22269748 1
116 -08.79353717 -140.22285656 -08.79376280 -140.22276523
120 Linear Feature
111 -08.79339405 -140.22321646 1
112 -08.79353717 -140.22285656 -08.79376280 -140.22276523 1
111 -08.79412487 -140.22261691 1
112 -08.79437427 -140.22264710 -08.79452828 -140.22272445 1
115 -08.79475793 -140.22283820
120 Linear Feature
112 -08.79300925 -140.22224679 -08.79296612 -140.22214017 1
112 -08.79283792 -140.22206887 -08.79275402 -140.22201340 1
112 -08.79267636 -140.22192003 -08.79265033 -140.22184538 1
112 -08.79275272 -140.22174535 -08.79282585 -140.22171620 1
112 -08.79292854 -140.22180206 -08.79295209 -140.22186036 1
112 -08.79291373 -140.22193871 -08.79290711 -140.22197920 1
116 -08.79293635 -140.22206461 -08.79295344 -140.22210797
120 Linear Feature
111 -08.79395909 -140.22280062 54
115 -08.79387077 -140.22258354
120 Linear Feature
112 -08.79832106 -140.23565923 -08.79833584 -140.23569912 1
112 -08.79839649 -140.23574438 -08.79842483 -140.23577012 1
112 -08.79847769 -140.23584177 -08.79849345 -140.23588163 1
112 -08.79841461 -140.23600775 -08.79833835 -140.23603886 1
112 -08.79821982 -140.23592587 -08.79819304 -140.23585831 1
112 -08.79824506 -140.23571167 -08.79825273 -140.23565040 1
116 -08.79824432 -140.23546388 -08.79821824 -140.23539731
21 -08.79711186 -140.23362085 2 68.3300 3.00 06  PAPI-4L
21 -08.79422398 -140.22426604 2 248.7300 3.00 28  PAPI-4L
14 -08.79396030 -140.22086195  98.43 0 Tower Viewpoint
1300 -08.79466690 -140.22279589 -151.04 misc jets|turboprops|props|helos Ramp 1
1301 C none 
1300 -08.79401725 -140.22220782  86.82 misc jets|turboprops|props|helos Ramp 2
1301 B none 
19 -08.79683874 -140.23290119 1 WS
19 -08.79302093 -140.22119545 1 WS
51 11830 AFIS Info
54 13250 Tahiti Control
99
