I
1100 Generated by WorldEditor 1.6.0r1

1   1520 0 0 NTMN Hiva Oa Atuona
1302 city Hiva Oa Island
1302 country French Polynesia
1302 datum_lat -9.768055556
1302 datum_lon -139.011111111
1302 faa_code 
1302 iata_code AUQ
1302 icao_code NTMN
1302 region_code NT
1302 state (unassigned)
1302 transition_alt 5800
1302 transition_level 
1302 flatten 1
100 34.75 1 0 0.60 0 0 0 02 -09.77211644 -139.01328495  159    0 2 0 0 0 20 -09.75949058 -139.00614852   20    0 2 0 0 0
110 1 0.00 27.9000 New Taxiway 2
111 -09.76004304 -139.00628079
112 -09.75990215 -139.00596871 -09.75984745 -139.00593369
111 -09.75965831 -139.00582872
113 -09.75956692 -139.00601152
110 1 0.00 29.7400 New Taxiway 1
111 -09.77156915 -139.01315871
112 -09.77170648 -139.01343648 -09.77176708 -139.01347215
111 -09.77195642 -139.01357028
113 -09.77203859 -139.01342064
110 1 0.25 30.0000 New Taxiway 1
111 -09.76855464 -139.01110195
112 -09.76844390 -139.01096290 -09.76842047 -139.01090742
112 -09.76840086 -139.01076306 -09.76842560 -139.01071073
112 -09.76849107 -139.01061503 -09.76853270 -139.01056464
112 -09.76873940 -139.01056539 -09.76878645 -139.01058836
111 -09.76899414 -139.01071994
111 -09.76926356 -139.01030795
111 -09.76863937 -139.00991217
111 -09.76857118 -139.01003328
111 -09.76838903 -139.00992981
111 -09.76821212 -139.01025311
112 -09.76830938 -139.01033717 -09.76836127 -139.01039547
112 -09.76836510 -139.01051109 -09.76834928 -139.01055435
112 -09.76826478 -139.01069692 -09.76821642 -139.01075402
112 -09.76812087 -139.01075712 -09.76807632 -139.01076319
113 -09.76795939 -139.01076572
130 Airport Boundary 12
111 -09.77274202 -139.01316189
111 -09.77265935 -139.01282901
111 -09.77069426 -139.01149093
111 -09.76976799 -139.01085913
111 -09.77014777 -139.01026201
111 -09.76794787 -139.00897783
111 -09.76715539 -139.00867026
111 -09.76586476 -139.00849806
111 -09.76113987 -139.00590664
111 -09.76002110 -139.00492311
111 -09.75921185 -139.00480295
111 -09.75863946 -139.00504327
111 -09.75806707 -139.00634502
111 -09.75838287 -139.00740645
111 -09.75945403 -139.00807084
111 -09.76033690 -139.00816748
111 -09.76065270 -139.00836775
111 -09.76250531 -139.00927139
111 -09.76501472 -139.01039053
111 -09.76639635 -139.01093127
111 -09.77007719 -139.01283468
113 -09.77237981 -139.01387366
120 Linear Feature 10
111 -09.76830674 -139.01078168 20
112 -09.76821601 -139.01089712 -09.76817248 -139.01093932 20
112 -09.76810256 -139.01094583 -09.76805695 -139.01095396 20
115 -09.76793638 -139.01091765
120 Linear Feature 9
111 -09.76830674 -139.01078168 20
112 -09.76826562 -139.01090011 -09.76826171 -139.01093306 20
112 -09.76828453 -139.01106613 -09.76831313 -139.01113029 20
115 -09.76840985 -139.01119140
120 Linear Feature 7
111 -09.76881388 -139.01046564 20
115 -09.76890299 -139.01029182
120 Linear Feature 6
111 -09.76845713 -139.01052725 20
112 -09.76860224 -139.01026797 -09.76863287 -139.01020995 20
112 -09.76856791 -139.01014472 -09.76852406 -139.01011518 20
115 -09.76841393 -139.01005634
120 Linear Feature 5
111 -09.76845713 -139.01052725 20
112 -09.76858040 -139.01039380 -09.76862845 -139.01037748 20
112 -09.76873607 -139.01042742 -09.76879920 -139.01046435 20
115 -09.76894767 -139.01054945
120 Linear Feature 4
111 -09.76830674 -139.01078168 20
115 -09.76845713 -139.01052725
21 -09.76187108 -139.00710376 2 211.5000 3.00 New Light Fixture 2
21 -09.76895631 -139.01181162 2 31.2500 3.00 New Light Fixture 1
14 -09.76885445 -139.01002641  82.02 0 New Tower Viewpoint 6
15 -09.76841393 -139.01005634  34.07 New Ramp Start 4
15 -09.76868134 -139.01014806 119.59 New Ramp Start 3
15 -09.76890299 -139.01029182 123.18 New Ramp Start 2
15 -09.76910881 -139.01039797 -236.39 New Ramp Start 1
18 -09.76755720 -139.00964687 1 New Airport Beacon 5
19 -09.76795992 -139.01141267 0 New Windsock 4
54 11950 INFO
99
