I
1100 Generated by WorldEditor 1.6.0r1

1    172 0 0 NTMU Ua Huka Airport
1302 city Ua Huka
1302 country French Polynesia
1302 datum_lat -8.936111111
1302 datum_lon -139.555
1302 faa_code 
1302 iata_code UAH
1302 icao_code NTMU
1302 region_code NT
1302 state (unassigned)
1302 transition_alt 
1302 transition_level 
1302 flatten 1
100 21.34 1 0 0.00 0 0 0 09 -08.93571016 -139.55734021   27    0 2 0 0 0 27 -08.93682096 -139.55054015   33    0 2 0 0 0
110 5 0.00 0.0000 New Taxiway 1
111 -08.93552278 -139.55559459
112 -08.93555523 -139.55546706 -08.93556780 -139.55540834
111 -08.93553220 -139.55537884
111 -08.93522199 -139.55529704
112 -08.93515191 -139.55532570 -08.93514030 -139.55536484
113 -08.93511682 -139.55549481
110 1 0.00 279.8100 New Taxiway 4
111 -08.93554676 -139.55515526
112 -08.93569437 -139.55501527 -08.93578683 -139.55502549
112 -08.93586297 -139.55504515 -08.93593910 -139.55506403
111 -08.93596008 -139.55524334
111 -08.93603156 -139.55481000
112 -08.93586996 -139.55494920 -08.93579615 -139.55494055
112 -08.93571380 -139.55492011 -08.93561599 -139.55489767
111 -08.93561357 -139.55474001
111 -08.93538982 -139.55471091
113 -08.93532145 -139.55511515
110 1 0.00 100.9300 New Taxiway 3
111 -08.93567196 -139.55698679
111 -08.93556961 -139.55711181
111 -08.93553742 -139.55731071
113 -08.93561651 -139.55732420
110 1 0.00 279.5700 New Taxiway 2
111 -08.93685691 -139.55091205
111 -08.93696345 -139.55079722
111 -08.93700230 -139.55057042
113 -08.93691534 -139.55055662
130 Airport Boundary 1
111 -08.93499602 -139.55484834
111 -08.93499794 -139.55547028
111 -08.93559676 -139.55562182
111 -08.93529466 -139.55743836
111 -08.93605433 -139.55757491
111 -08.93724925 -139.55039620
111 -08.93658117 -139.55028362
111 -08.93589231 -139.55435944
113 -08.93519518 -139.55426750
120 Linear Feature 2
112 -08.93590115 -139.55499739 -08.93605779 -139.55502701 1
116 -08.93602665 -139.55538044 -08.93600117 -139.55552372
120 Linear Feature 1
111 -08.93563350 -139.55495254 1
112 -08.93590050 -139.55499713 -08.93606201 -139.55502410 1
116 -08.93613988 -139.55469727 -08.93616347 -139.55456163
14 -08.93530092 -139.55499304  39.37 0 New Tower Viewpoint 3
1300 -08.93541555 -139.55491569   9.83 misc jets|turboprops|props|helos Ramp Start 1
1301 D none 
19 -08.93703140 -139.55069862 0 New Windsock 2
19 -08.93546681 -139.55718996 0 New Windsock 1
99
