I
1100 Generated by WorldEditor 1.6.1r1

1      8 1 0 NTTB Bora Bora
1302 city Motu Mute
1302 country French Polynesia
1302 datum_lat -16.443611111
1302 datum_lon -151.7525
1302 faa_code 
1302 iata_code BOB
1302 icao_code NTTB
1302 region_code NT
1302 state (unassigned)
1302 transition_alt 5000
1302 transition_level 
1302 flatten 1
100 21.95 1 1 0.20 0 2 0 11 -16.44052771 -151.75706225    0    0 2 0 0 1 29 -16.44821476 -151.74544558    0    0 2 0 0 1
110 14 0.00 0.0000 New Taxiway 47
111 -16.44754714 -151.74337280
111 -16.44559418 -151.74741145
112 -16.44496201 -151.74799516 -16.44498224 -151.74817655
112 -16.44439852 -151.74840839 -16.44409508 -151.74861930
112 -16.44376575 -151.74933776 -16.44351087 -151.74949806
112 -16.44266530 -151.75012456 -16.44235782 -151.75039453
112 -16.44188171 -151.75115770 -16.44181762 -151.75125489
112 -16.44103096 -151.75234251 -16.44091444 -151.75254296
112 -16.44007842 -151.75379947 -16.43994928 -151.75398980
112 -16.43956693 -151.75506020 -16.43950268 -151.75518894
112 -16.43832983 -151.75637459 -16.43806128 -151.75676801
111 -16.43832983 -151.75637459
112 -16.43832983 -151.75637459 -16.43813758 -151.75681193
112 -16.43751861 -151.75836812 -16.43743979 -151.75878164
111 -16.43751861 -151.75836812
112 -16.43751861 -151.75836812 -16.43756521 -151.75868884
112 -16.43830850 -151.75972221 -16.43846530 -151.76001277
112 -16.43921214 -151.76119304 -16.43930536 -151.76133275
111 -16.44022306 -151.75908068
112 -16.43880515 -151.75856189 -16.43838475 -151.75878861
111 -16.43830960 -151.75776557
111 -16.43876742 -151.75714888
111 -16.43955053 -151.75741327
111 -16.43986513 -151.75684837
111 -16.43922363 -151.75720304
111 -16.43874574 -151.75674461
111 -16.44262662 -151.75171566
111 -16.44487875 -151.74922825
111 -16.44668479 -151.74626583
111 -16.44725573 -151.74491731
111 -16.44746546 -151.74434632
111 -16.44850346 -151.74350977
113 -16.44802445 -151.74336534
110 14 0.00 0.0000 New Taxiway 53
112 -16.44671317 -151.75571026 -16.44676000 -151.75580791
111 -16.44704869 -151.75615505
112 -16.44701744 -151.75542494 -16.44698817 -151.75540257
111 -16.44687528 -151.75520699
112 -16.44686700 -151.75507481 -16.44685759 -151.75502772
112 -16.44678635 -151.75501405 -16.44677694 -151.75499639
112 -16.44680011 -151.75489743 -16.44681046 -151.75487879
112 -16.44669303 -151.75460557 -16.44668523 -151.75460557
112 -16.44658580 -151.75472035 -16.44654678 -151.75472442
112 -16.44650636 -151.75474192 -16.44649660 -151.75474395
112 -16.44652977 -151.75484364 -16.44655123 -151.75491484
112 -16.44648253 -151.75483771 -16.44644741 -151.75484788
112 -16.44644978 -151.75498604 -16.44644588 -151.75506945
112 -16.44649723 -151.75509543 -16.44651284 -151.75518494
113 -16.44646343 -151.75515489
110 2 0.00 0.0000 New Taxiway 13
111 -16.44390247 -151.75273735 102
112 -16.44402084 -151.75279524 -16.44405220 -151.75281895 102
111 -16.44510138 -151.75360741
112 -16.44530514 -151.75390595 -16.44534026 -151.75409881
111 -16.44534254 -151.75416155
111 -16.44528401 -151.75429826
111 -16.44526996 -151.75435929
111 -16.44519269 -151.75465223
111 -16.44542682 -151.75482799 102
111 -16.44554857 -151.75465711
111 -16.44567004 -151.75475332
111 -16.44569262 -151.75472742
111 -16.44558084 -151.75463795
111 -16.44557858 -151.75460734 102
111 -16.44566552 -151.75449197
111 -16.44583714 -151.75456025
111 -16.44584505 -151.75453906
111 -16.44569939 -151.75447548
112 -16.44569488 -151.75444958 -16.44570504 -151.75443663 102
111 -16.44588118 -151.75418234
111 -16.44594554 -151.75411053 102
111 -16.44615555 -151.75380326
112 -16.44632605 -151.75394689 -16.44634402 -151.75396635
111 -16.44635003 -151.75398500
111 -16.44636077 -151.75394143
112 -16.44627975 -151.75385860 -16.44626056 -151.75384447
111 -16.44619846 -151.75379149
111 -16.44617588 -151.75377148 102
111 -16.44590150 -151.75358076
112 -16.44586651 -151.75363354 -16.44584362 -151.75366325
111 -16.44586651 -151.75363354
112 -16.44586651 -151.75363354 -16.44583300 -151.75367703 102
112 -16.44570052 -151.75375500 -16.44562472 -151.75377528
111 -16.44570052 -151.75375500
112 -16.44570052 -151.75375500 -16.44557293 -151.75378914 102
112 -16.44551422 -151.75375382 -16.44551083 -151.75375146
111 -16.44547809 -151.75373027
112 -16.44545212 -151.75372792 -16.44543179 -151.75371026 102
111 -16.44499483 -151.75338651
111 -16.44496024 -151.75336071 102
111 -16.44469336 -151.75316166
111 -16.44463338 -151.75311695 102
111 -16.44413897 -151.75274844 102
112 -16.44401344 -151.75265253 -16.44399041 -151.75262948 102
113 -16.44397907 -151.75260858
110 1 0.00 0.0000 New Taxiway 12
111 -16.44341485 -151.75285158 102
112 -16.44372377 -151.75272499 -16.44383746 -151.75271763 102
111 -16.44390247 -151.75273735
111 -16.44397907 -151.75260858 102
112 -16.44387134 -151.75235007 -16.44388467 -151.75223545 102
113 -16.44392382 -151.75210355
110 1 0.00 0.0000 New Taxiway 11
111 -16.44080556 -151.75640543
112 -16.44045271 -151.75658103 -16.44042448 -151.75659378
112 -16.44037273 -151.75664382 -16.44033886 -151.75669091
112 -16.44034451 -151.75683708 -16.44035956 -151.75691458
113 -16.44042543 -151.75698227
110 1 0.00 0.0000 New Taxiway 9
111 -16.44791896 -151.74611421
111 -16.44831893 -151.74591484
112 -16.44839503 -151.74572158 -16.44837356 -151.74560155
114 -16.44830322 -151.74552960 -16.44828761 -151.74552553
110 1 0.00 0.0000 New Taxiway 14
111 -16.44510179 -151.75360942 102
112 -16.44523247 -151.75388807 -16.44523705 -151.75402024 102
112 -16.44513969 -151.75422054 -16.44508611 -151.75429480 102
111 -16.44478096 -151.75472060 102
111 -16.44525048 -151.75507512
111 -16.44527894 -151.75504687 102
111 -16.44542785 -151.75482825
111 -16.44519458 -151.75465315
112 -16.44526996 -151.75435929 -16.44530400 -151.75422284
111 -16.44526996 -151.75435929
112 -16.44526996 -151.75435929 -16.44529620 -151.75427541
112 -16.44534254 -151.75416155 -16.44534151 -151.75412414
111 -16.44534254 -151.75416155
112 -16.44534254 -151.75416155 -16.44533981 -151.75406220
111 -16.44530514 -151.75390595
112 -16.44525502 -151.75376828 -16.44522159 -151.75371563
111 -16.44518504 -151.75367687
112 -16.44514495 -151.75363920 -16.44513756 -151.75363204
113 -16.44510138 -151.75360741
110 1 0.00 0.0000 New Taxiway 10
112 -16.44550477 -151.74975418 -16.44550703 -151.74975418
112 -16.44555332 -151.74976125 -16.44558494 -151.74976713
111 -16.44560075 -151.74977302
111 -16.44581189 -151.74945398
114 -16.44575318 -151.74937746 -16.44575318 -151.74935744
110 14 0.00 0.0000 New Taxiway 36
111 -16.44463124 -151.75287474
112 -16.44462149 -151.75261435 -16.44462734 -151.75255536
111 -16.44465466 -151.75259808
112 -16.44491873 -151.75287697 -16.44492330 -151.75288106
112 -16.44498146 -151.75294919 -16.44498734 -151.75296281
111 -16.44498734 -151.75296962
112 -16.44498603 -151.75313313 -16.44498538 -151.75316107
112 -16.44497688 -151.75328847 -16.44497492 -151.75331912
111 -16.44496295 -151.75336356
111 -16.44499576 -151.75338714
112 -16.44501744 -151.75317100 -16.44502151 -151.75314133
112 -16.44506757 -151.75310884 -16.44508383 -151.75308906
112 -16.44511364 -151.75310178 -16.44512177 -151.75311449
112 -16.44525320 -151.75322327 -16.44526404 -151.75323457
112 -16.44556077 -151.75340833 -16.44557432 -151.75341964
112 -16.44557703 -151.75344365 -16.44558109 -151.75346061
112 -16.44556348 -151.75352700 -16.44555941 -151.75355243
111 -16.44547809 -151.75373027
111 -16.44550524 -151.75374845
112 -16.44558787 -151.75356656 -16.44559058 -151.75355808
112 -16.44564477 -151.75346767 -16.44565426 -151.75345637
112 -16.44569219 -151.75346767 -16.44570710 -151.75346626
112 -16.44584130 -151.75356815 -16.44585079 -151.75357521
111 -16.44587647 -151.75362307
111 -16.44590365 -151.75358160
112 -16.44579931 -151.75347830 -16.44578576 -151.75346841
112 -16.44570477 -151.75340707 -16.44569339 -151.75340029
112 -16.44570480 -151.75334812 -16.44570155 -151.75330404
111 -16.44572754 -151.75319686
111 -16.44576656 -151.75314261
111 -16.44573892 -151.75310870
111 -16.44569990 -151.75313922
111 -16.44568169 -151.75325162
112 -16.44567101 -151.75334392 -16.44566905 -151.75335783
112 -16.44557309 -151.75336908 -16.44551130 -151.75335552
112 -16.44534219 -151.75324772 -16.44525927 -151.75320534
112 -16.44512757 -151.75307141 -16.44509831 -151.75304768
111 -16.44513408 -151.75303411
111 -16.44547877 -151.75271032
111 -16.44546576 -151.75268828
111 -16.44516334 -151.75297986
112 -16.44508530 -151.75301547 -16.44505116 -151.75302055
112 -16.44499913 -151.75292223 -16.44498449 -151.75290527
111 -16.44500401 -151.75280186
111 -16.44516334 -151.75254249
111 -16.44514058 -151.75251367
112 -16.44493247 -151.75282560 -16.44492434 -151.75283916
111 -16.44489832 -151.75281882
111 -16.44471134 -151.75261369
112 -16.44468370 -151.75256283 -16.44466256 -151.75251875
111 -16.44469996 -151.75252893
111 -16.44476012 -151.75256114
112 -16.44480247 -151.75248761 -16.44479759 -151.75248591
111 -16.44472272 -151.75243569
111 -16.44472110 -151.75241196
111 -16.44479264 -151.75223226
111 -16.44475361 -151.75220005
111 -16.44453661 -151.75264688
112 -16.44453774 -151.75266571 -16.44453887 -151.75267749
112 -16.44456823 -151.75268455 -16.44457726 -151.75268690
112 -16.44458064 -151.75270927 -16.44458064 -151.75271045
113 -16.44458855 -151.75287762
111 -16.44501473 -151.75312261
111 -16.44501277 -151.75300951
112 -16.44502453 -151.75300951 -16.44503629 -151.75302246
111 -16.44508595 -151.75307424
112 -16.44505524 -151.75309059 -16.44504479 -151.75309944
114 -16.44502257 -151.75313010 -16.44501930 -151.75313351
110 14 0.00 0.0000 New Taxiway 44
111 -16.44486985 -151.75209937
112 -16.44487751 -151.75206274 -16.44487907 -151.75205702
112 -16.44492220 -151.75198113 -16.44494102 -151.75194107
112 -16.44510882 -151.75168355 -16.44515665 -151.75161324
112 -16.44528276 -151.75155124 -16.44533137 -151.75153244
112 -16.44560750 -151.75154048 -16.44565769 -151.75154620
112 -16.44567415 -151.75156092 -16.44568983 -151.75157155
112 -16.44570395 -151.75162387 -16.44570081 -151.75165167
111 -16.44567258 -151.75168437
111 -16.44551720 -151.75192921
111 -16.44541810 -151.75209530
111 -16.44544542 -151.75210751
111 -16.44545887 -151.75208533
111 -16.44552380 -151.75199468
111 -16.44560587 -151.75184787
111 -16.44570721 -151.75170154
111 -16.44594567 -151.75132294
111 -16.44591993 -151.75131446
112 -16.44578037 -151.75151083 -16.44577495 -151.75151507
112 -16.44574079 -151.75153261 -16.44572588 -151.75153544
112 -16.44566135 -151.75150376 -16.44563767 -151.75149893
112 -16.44529531 -151.75150228 -16.44523705 -151.75151358
112 -16.44515304 -151.75158005 -16.44510426 -151.75161537
111 -16.44496400 -151.75183861
113 -16.44483863 -151.75207292
110 14 0.00 0.0000 New Taxiway 49
112 -16.44660708 -151.75406123 -16.44665428 -151.75408935
111 -16.44675526 -151.75412661
111 -16.44706216 -151.75409977
111 -16.44714270 -151.75416491
111 -16.44837066 -151.75386811
111 -16.44860517 -151.75382747
111 -16.44862704 -151.75357627
111 -16.44848179 -151.75360021
112 -16.44737595 -151.75386368 -16.44735572 -151.75386368
112 -16.44688708 -151.75398690 -16.44688034 -151.75398690
112 -16.44672188 -151.75389198 -16.44659039 -151.75384277
111 -16.44643530 -151.75362482
113 -16.44637461 -151.75392362
130 Airport Boundary 17
111 -16.43921277 -151.76125067
111 -16.43980818 -151.76071006
111 -16.44146857 -151.76154224
111 -16.44297749 -151.76163943
111 -16.44442232 -151.76120815
111 -16.44644392 -151.75925222
111 -16.44664540 -151.75915367
111 -16.44690779 -151.75853735
111 -16.44692747 -151.75842610
111 -16.44718381 -151.75676780
111 -16.44705181 -151.75608062
111 -16.44703752 -151.75511098
111 -16.44679043 -151.75427136
111 -16.44749205 -151.75408771
111 -16.44861037 -151.75383386
111 -16.44863527 -151.75354382
111 -16.44692421 -151.75393180
111 -16.44682319 -151.75333000
111 -16.44627048 -151.75316187
111 -16.44619949 -151.75229100
111 -16.44670518 -151.75115788
111 -16.44651496 -151.75078396
111 -16.44700278 -151.75021887
111 -16.44743866 -151.74971195
111 -16.44781811 -151.74902319
111 -16.44786339 -151.74875921
111 -16.45075622 -151.74512679
111 -16.45092057 -151.74340152
111 -16.44753427 -151.74333777
111 -16.44558960 -151.74737890
111 -16.44444215 -151.74818789
111 -16.44243885 -151.74993022
111 -16.43997022 -151.75388633
111 -16.43953882 -151.75504434
111 -16.43831382 -151.75633410
113 -16.43743954 -151.75837542
120 Linear Feature 25
111 -16.44491476 -151.75453454 1
111 -16.44511913 -151.75468476 1
115 -16.44585241 -151.75365234
120 Linear Feature 24
111 -16.44592062 -151.75359726 51
115 -16.44600218 -151.75384552
120 Linear Feature 24
111 -16.44567692 -151.75393180 51
115 -16.44575848 -151.75418006
120 Linear Feature 24
111 -16.44542927 -151.75426496 51
115 -16.44552683 -151.75451517
120 Linear Feature 24
111 -16.44519124 -151.75460875 51
115 -16.44528879 -151.75485897
120 Linear Feature 23
111 -16.44520158 -151.75424633 51
112 -16.44523189 -151.75445490 -16.44534977 -151.75454390 51
115 -16.44551507 -151.75466540
120 Linear Feature 26
111 -16.44518785 -151.75474693 1
111 -16.44510227 -151.75477128 1
111 -16.44512047 -151.75477447 1
111 -16.44511627 -151.75476029 1
115 -16.44510227 -151.75477128
120 Linear Feature 26
111 -16.44543450 -151.75439763 1
111 -16.44534892 -151.75442198 1
111 -16.44536712 -151.75442517 1
111 -16.44536292 -151.75441100 1
115 -16.44534892 -151.75442198
120 Linear Feature 26
111 -16.44568141 -151.75407022 1
111 -16.44559782 -151.75410119 1
111 -16.44561621 -151.75410295 1
111 -16.44561100 -151.75408915 1
115 -16.44559782 -151.75410119
120 Linear Feature 26
111 -16.44592213 -151.75375252 1
111 -16.44583854 -151.75378349 1
111 -16.44585693 -151.75378525 1
111 -16.44585172 -151.75377145 1
115 -16.44583854 -151.75378349
120 Linear Feature 26
111 -16.44524383 -151.75495792 1
111 -16.44529786 -151.75488455 1
111 -16.44528151 -151.75489350 1
111 -16.44529308 -151.75490213 1
115 -16.44529786 -151.75488455
120 Linear Feature 26
111 -16.44547718 -151.75460768 1
111 -16.44553121 -151.75453432 1
111 -16.44551486 -151.75454326 1
111 -16.44552642 -151.75455190 1
115 -16.44553121 -151.75453432
120 Linear Feature 26
111 -16.44573314 -151.75424959 1
111 -16.44578716 -151.75417623 1
111 -16.44577081 -151.75418517 1
111 -16.44578238 -151.75419380 1
115 -16.44578716 -151.75417623
120 Linear Feature 26
111 -16.44597417 -151.75390638 1
111 -16.44602819 -151.75383302 1
111 -16.44601184 -151.75384196 1
111 -16.44602341 -151.75385060 1
115 -16.44602819 -151.75383302
120 Linear Feature 22
111 -16.44518617 -151.75360877 51
112 -16.44544701 -151.75380022 -16.44546395 -151.75381101 51
112 -16.44561528 -151.75383161 -16.44566750 -151.75381820
111 -16.44561528 -151.75383161
112 -16.44561528 -151.75383161 -16.44568946 -151.75380267 51
111 -16.44573543 -151.75382249 51
115 -16.44600147 -151.75401036
120 Linear Feature 21
111 -16.44312535 -151.75315374 51
111 -16.44336183 -151.75278756 51
112 -16.44367446 -151.75261989 -16.44385904 -151.75262762
111 -16.44367446 -151.75261989
112 -16.44367446 -151.75261989 -16.44383269 -151.75261977 51
111 -16.44398076 -151.75270181 51
111 -16.44415787 -151.75282662 51
111 -16.44518617 -151.75360877 51
112 -16.44530656 -151.75378109 -16.44532763 -151.75386165 51
112 -16.44533459 -151.75396607 -16.44533365 -151.75401309 51
112 -16.44530043 -151.75410579 -16.44528873 -151.75412536 51
111 -16.44520158 -151.75424633 51
111 -16.44499893 -151.75453443 51
112 -16.44502650 -151.75481617 -16.44515527 -151.75492358 51
115 -16.44529107 -151.75501390
120 Linear Feature 28
111 -16.44533459 -151.75396607 51
112 -16.44535871 -151.75402578 -16.44538373 -151.75404429 51
115 -16.44576618 -151.75433198
120 Linear Feature 29
111 -16.44398076 -151.75270181 51
112 -16.44377814 -151.75239792 -16.44373954 -151.75221866 51
111 -16.44385231 -151.75204914 51
115 -16.44410107 -151.75168127
120 Linear Feature 30
111 -16.44411779 -151.75286771 54
115 -16.44418219 -151.75278087
120 Linear Feature 33
111 -16.44126591 -151.75591796 51
111 -16.44096670 -151.75637119 51
112 -16.44090121 -151.75644771 -16.44085717 -151.75647714 51
111 -16.44084362 -151.75647950 51
111 -16.44043489 -151.75668198 51
112 -16.44044844 -151.75679500 -16.44048344 -151.75684327 51
115 -16.44053199 -151.75685268
120 Linear Feature 32
111 -16.44746913 -151.74659962 51
111 -16.44769703 -151.74624503 51
111 -16.44778239 -151.74610998 51
112 -16.44785285 -151.74604951 -16.44786748 -151.74603934 51
111 -16.44830133 -151.74583252 51
112 -16.44829374 -151.74572063 -16.44826935 -151.74568503 51
116 -16.44820377 -151.74565621 -16.44820215 -151.74565621
120 Linear Feature 32
111 -16.44505030 -151.75024851 51
111 -16.44533646 -151.74980774 51
111 -16.44539336 -151.74972637 51
112 -16.44544214 -151.74967721 -16.44545677 -151.74966703 51
111 -16.44571042 -151.74955345 51
112 -16.44570554 -151.74944157 -16.44568115 -151.74940597 51
116 -16.44561286 -151.74937715 -16.44561124 -151.74937715
21 -16.44151224 -151.75495826 2 124.5800 3.00 11  PAPI-4L
21 -16.44734006 -151.74747881 2 304.5800 3.00 29  PAPI-4L
14 -16.44508457 -151.75243555   0.00 0 Tower Viewpoint
1300 -16.44571047 -151.75402962  71.17 gate jets|turboprops|props Apron B
1301 B airline 
1300 -16.44520993 -151.75466054  71.17 gate jets|turboprops|props Apron D
1301 C airline 
19 -16.44750908 -151.74898516 1 Windsock
54 11890 TWR
55 13470 TAHITI CON
1200 
1201 -16.44591119 -151.75410719 both 0 _stop
1201 -16.44599313 -151.75398513 both 1 _stop
1201 -16.44570632 -151.75379187 both 2 _stop
1201 -16.44504100 -151.75474393 both 3 _start
1201 -16.44572817 -151.75382394 both 4 _stop
1201 -16.44544409 -151.75380934 both 5 _stop
1201 -16.44561057 -151.75383437 both 6 unnamed entity(split)
1201 -16.44568098 -151.75382813 both 7 unnamed entity(split)
1201 -16.44531131 -151.75377120 both 8 _stop
1201 -16.44534518 -151.75392801 both 9 _stop
1201 -16.44529911 -151.75410742 both 10 _stop
1201 -16.44520427 -151.75424869 both 11 _stop
1201 -16.44503355 -151.75448603 both 12 _stop
1201 -16.44495632 -151.75463295 both 13 _stop
1201 -16.44502406 -151.75481943 both 14 _start
1201 -16.44550752 -151.74931184 both 15 A_stop
1201 -16.44816288 -151.74562920 both 16 A_stop
1201 -16.44829837 -151.74571750 both 17 A_stop
1201 -16.44830063 -151.74583640 both 18 A_stop
1201 -16.44786818 -151.74603889 both 19 A_stop
1201 -16.44571485 -151.74944305 both 20 A_stop
1201 -16.44566065 -151.74930491 both 21 unnamed entity(split)
1201 -16.44567776 -151.74957311 both 22 A_stop
1201 -16.44056834 -151.75691026 both 23 A_stop
1201 -16.44045830 -151.75682970 both 24 A_stop
1201 -16.44043723 -151.75667835 both 25 A_stop
1201 -16.44078843 -151.75650748 both 26 A_stop
1201 -16.44520575 -151.75362341 both 27 A_stop
1201 -16.44416127 -151.75283072 both 28 A_stop
1201 -16.44374320 -151.75235489 both 29 A_stop
1201 -16.44382983 -151.75255506 both 30 A_stop
1201 -16.44401011 -151.75272594 both 31 A_stop
1201 -16.44379705 -151.75263318 both 32 A_stop
1201 -16.44353482 -151.75264783 both 33 A_stop
1201 -16.44819236 -151.74547989 both 34 GND_stop
1201 -16.44053521 -151.75705124 both 35 GND_start
1201 -16.44064795 -151.75688097 both 36 unnamed entity(split)
1201 -16.44098276 -151.75638054 both 37 unnamed entity(split)
1201 -16.44328430 -151.75289926 both 38 unnamed entity(split)
1201 -16.44389538 -151.75198139 both 39 unnamed entity(split)
1201 -16.44520576 -151.75001603 both 40 unnamed entity(split)
1201 -16.44540130 -151.74970669 both 41 unnamed entity(split)
1201 -16.44548446 -151.74957193 both 42 unnamed entity(split)
1201 -16.44556815 -151.74944524 both 43 unnamed entity(split)
1201 -16.44564443 -151.74932903 both 44 unnamed entity(split)
1201 -16.44773946 -151.74616722 both 45 unnamed entity(split)
1201 -16.44805787 -151.74568218 both 46 unnamed entity(split)
1202 5 6 twoway taxiway_B 
1202 6 7 twoway taxiway_B 
1202 7 4 twoway taxiway_B 
1202 27 5 twoway taxiway_B 
1202 8 27 twoway taxiway_C 
1202 9 8 twoway taxiway_C 
1202 10 9 twoway taxiway_C 
1202 11 10 twoway taxiway_C 
1202 12 11 twoway taxiway_C 
1202 13 12 twoway taxiway_C 
1202 14 13 twoway taxiway_C 
1202 15 42 oneway taxiway_C A
1204 departure 11,29
1204 arrival 11,29
1202 20 21 oneway taxiway_C A
1204 departure 11,29
1204 arrival 11,29
1202 21 15 oneway taxiway_C A
1204 departure 11,29
1204 arrival 11,29
1202 16 46 oneway taxiway_C A
1204 departure 11,29
1204 arrival 11,29
1202 17 16 oneway taxiway_C A
1204 departure 11,29
1204 arrival 11,29
1202 18 17 oneway taxiway_C A
1204 departure 11,29
1204 arrival 11,29
1202 19 18 oneway taxiway_C A
1204 departure 11,29
1204 arrival 11,29
1202 45 19 oneway taxiway_C A
1204 departure 11,29
1204 arrival 11,29
1202 22 20 oneway taxiway_C A
1204 departure 11,29
1204 arrival 11,29
1202 41 22 oneway taxiway_C A
1204 departure 11,29
1204 arrival 11,29
1202 40 41 oneway taxiway_C A
1204 departure 11,29
1204 arrival 11,29
1202 23 36 oneway taxiway_C A
1204 departure 11,29
1204 arrival 11,29
1202 24 23 oneway taxiway_C A
1204 departure 11,29
1204 arrival 11,29
1202 25 24 oneway taxiway_C A
1204 departure 11,29
1204 arrival 11,29
1202 26 25 oneway taxiway_C A
1204 departure 11,29
1204 arrival 11,29
1202 37 26 oneway taxiway_C A
1204 departure 11,29
1204 arrival 11,29
1202 28 27 twoway taxiway_C A
1202 31 28 twoway taxiway_C A
1204 departure 11,29
1204 arrival 11,29
1202 29 39 twoway taxiway_C A
1204 departure 11,29
1204 arrival 11,29
1202 30 29 twoway taxiway_C A
1204 departure 11,29
1204 arrival 11,29
1202 31 30 twoway taxiway_C A
1204 departure 11,29
1204 arrival 11,29
1202 32 31 twoway taxiway_C A
1204 departure 11,29
1204 arrival 11,29
1202 33 32 twoway taxiway_C A
1204 departure 11,29
1204 arrival 11,29
1202 38 33 twoway taxiway_C A
1204 departure 11,29
1204 arrival 11,29
1202 35 36 twoway runway 11/29
1204 departure 11,29
1204 arrival 11,29
1204 ils 11,29
1202 36 37 twoway runway 11/29
1204 departure 11,29
1204 arrival 11,29
1204 ils 11,29
1202 37 38 twoway runway 11/29
1204 departure 11,29
1204 arrival 11,29
1204 ils 11,29
1202 38 39 twoway runway 11/29
1204 departure 11,29
1204 arrival 11,29
1204 ils 11,29
1202 39 40 twoway runway 11/29
1204 departure 11,29
1204 arrival 11,29
1204 ils 11,29
1202 40 41 twoway runway 11/29
1204 departure 11,29
1204 arrival 11,29
1204 ils 11,29
1202 41 42 twoway runway 11/29
1204 departure 11,29
1204 arrival 11,29
1204 ils 11,29
1202 42 43 twoway runway 11/29
1204 departure 11,29
1204 arrival 11,29
1204 ils 11,29
1202 43 44 twoway runway 11/29
1204 departure 11,29
1204 arrival 11,29
1204 ils 11,29
1202 44 21 twoway runway 11/29
1204 departure 11,29
1204 arrival 11,29
1204 ils 11,29
1202 21 45 twoway runway 11/29
1204 departure 11,29
1204 arrival 11,29
1204 ils 11,29
1202 45 46 twoway runway 11/29
1204 departure 11,29
1204 arrival 11,29
1204 ils 11,29
1202 46 34 twoway runway 11/29
1204 departure 11,29
1204 arrival 11,29
1204 ils 11,29
1206 1 0 twoway  
1206 2 1 twoway  
1206 3 7 twoway  
1206 7 2 twoway  
1400 -16.44511449 -151.75502263  52.12 pushback 0 New Service Truck 24
1400 -16.44518115 -151.75505993  40.81 gpu 0 New Service Truck 23
1400 -16.44603801 -151.75392919  120.96 fuel_jets 0 New Service Truck 22
1400 -16.44525432 -151.75505315  41.82 fuel_props 0 New Service Truck 21
1401 -16.44582501 -151.75373762  319.09 baggage_train|fuel_props|gpu New Service Truck Destination 19
1401 -16.44593557 -151.75374610  23.96 baggage_train|fuel_props|gpu New Service Truck Destination 18
1401 -16.44596972 -151.75384442  69.78 baggage_train|fuel_props|gpu New Service Truck Destination 17
99
