I
1100 Generated by WorldEditor 1.6.0r1

1     14 1 0 NTTH Huahine
1302 city Fare
1302 country French Polynesia
1302 datum_lat -16.688333333
1302 datum_lon -151.028611111
1302 faa_code 
1302 iata_code HUH
1302 icao_code NTTH
1302 region_code NT
1302 state (unassigned)
1302 transition_alt 9000
1302 transition_level 
100 30.00 1 0 0.25 0 2 1 07 -16.68831223 -151.02867592   60    0 2 0 0 1 25 -16.68584077 -151.01472617    0    0 2 0 0 1
110 2 0.25 169.4300 07 Apron
111 -16.68834021 -151.02806461
112 -16.68851260 -151.02788779 -16.68864024 -151.02786127
111 -16.68851260 -151.02788779
111 -16.68864024 -151.02786127
112 -16.68864024 -151.02786127 -16.68878293 -151.02783383
111 -16.68890452 -151.02801993
111 -16.68894803 -151.02826997
112 -16.68873600 -151.02845914 -16.68858300 -151.02848738
111 -16.68873600 -151.02845914
111 -16.68858300 -151.02848800
112 -16.68858300 -151.02848800 -16.68848605 -151.02850523
111 -16.68839868 -151.02839803
111 -16.68844298 -151.02865056
111 -16.68866900 -151.02860823
112 -16.68866900 -151.02860823 -16.68883389 -151.02857895
111 -16.68902600 -151.02871500
112 -16.68902600 -151.02871500 -16.68914411 -151.02879492
112 -16.68919755 -151.02891001 -16.68920758 -151.02896384
111 -16.68919755 -151.02891001
111 -16.68922900 -151.02908200
111 -16.68930400 -151.02913100
111 -16.68933510 -151.02930575
111 -16.68960200 -151.02925400
111 -16.68930600 -151.02758300
111 -16.68884270 -151.02767379
111 -16.68849300 -151.02774200
112 -16.68849300 -151.02774200 -16.68835692 -151.02776879
113 -16.68826767 -151.02765856
110 2 0.25 79.5200 25 Apron
111 -16.68605045 -151.01513615
111 -16.68612265 -151.01505546
111 -16.68605566 -151.01468370
113 -16.68597333 -151.01470059
130 Airport Boundary
111 -16.68866900 -151.02860823
111 -16.68875886 -151.02860977
111 -16.68890842 -151.02865461
111 -16.68902600 -151.02871500
111 -16.68914401 -151.02881624
111 -16.68919755 -151.02891001
111 -16.68922900 -151.02908200
111 -16.68930400 -151.02913100
111 -16.68933510 -151.02930575
111 -16.68960200 -151.02925400
111 -16.68930600 -151.02758300
111 -16.68849300 -151.02774200
111 -16.68837721 -151.02772698
111 -16.68826767 -151.02765856
111 -16.68605068 -151.01513592
111 -16.68612265 -151.01505546
111 -16.68605566 -151.01468370
111 -16.68570801 -151.01475178
113 -16.68817930 -151.02870208
120 Hold Bar
111 -16.68884270 -151.02767379 53
111 -16.68890452 -151.02801993
111 -16.68894803 -151.02826997 53
115 -16.68902600 -151.02871500
120 East Centreline
111 -16.68933436 -151.02774307 1 101
111 -16.68915400 -151.02787600
112 -16.68915400 -151.02787600 -16.68901786 -151.02797721 1 101
112 -16.68887600 -151.02785000 -16.68881750 -151.02778852 1 101
112 -16.68868241 -151.02777538 -16.68860173 -151.02779012
111 -16.68868241 -151.02777538 1 101
111 -16.68842300 -151.02782700
112 -16.68842300 -151.02782700 -16.68824122 -151.02786395 1 101
112 -16.68813700 -151.02761200 -16.68811981 -151.02752302
111 -16.68813700 -151.02761200
111 -16.68822488 -151.02810466
112 -16.68822488 -151.02810466 -16.68821557 -151.02805008 1 101
116 -16.68842300 -151.02782700 -16.68860478 -151.02779005
120 West Centreline
111 -16.68940165 -151.02812296 1 101
111 -16.68900100 -151.02844000
112 -16.68900100 -151.02844000 -16.68896309 -151.02846873 1 101
112 -16.68878700 -151.02852200 -16.68866316 -151.02854561
111 -16.68878700 -151.02852200 1 101
111 -16.68855237 -151.02856549
112 -16.68855237 -151.02856549 -16.68844072 -151.02858407 1 101
112 -16.68827200 -151.02834800 -16.68825154 -151.02823333
111 -16.68827200 -151.02834800
111 -16.68878700 -151.02852200
112 -16.68878700 -151.02852200 -16.68882090 -151.02851635 1 101
112 -16.68887900 -151.02855700 -16.68890857 -151.02857771
111 -16.68887900 -151.02855700 1 101
111 -16.68914600 -151.02874600
112 -16.68914600 -151.02874600 -16.68917456 -151.02876714 1 101
112 -16.68924100 -151.02889100 -16.68925346 -151.02895877
111 -16.68924100 -151.02889100 1 101
111 -16.68928000 -151.02911300
111 -16.68936300 -151.02905362 1
111 -16.68945150 -151.02903655
111 -16.68939300 -151.02849300 1
111 -16.68936365 -151.02859034
111 -16.68927400 -151.02810100 1
111 -16.68921772 -151.02802424
111 -16.68916000 -151.02764800 1
111 -16.68921000 -151.02772100
111 -16.68951076 -151.02873819 1 101
111 -16.68890100 -151.02853700 1 101
116 -16.68878700 -151.02852200 -16.68873499 -151.02853154
21 -16.68734300 -151.02543600 2 79.5200 3.00 07  PAPI-4L
21 -16.68666700 -151.01727900 2 259.5200 3.00 25  PAPI-4L
14 -16.68945500 -151.02826200   0.00 0 Tower Viewpoint
1300 -16.68916000 -151.02764800  54.34 misc turboprops Custom Startup Location
1301 A none 
1300 -16.68921772 -151.02802424  53.32 misc heavy|turboprops Custom Startup Location
1301 A none 
1300 -16.68939300 -151.02849300 107.96 misc turboprops Custom Startup Location
1301 A none 
1300 -16.68945150 -151.02903655 169.55 misc turboprops Custom Startup Location
1301 A none 
18 -16.68961100 -151.02702800 1 Rotating Beacon
19 -16.68712000 -151.02592800 1 Windsock
54 11930 TWR
55 13470 TAHITI CON
99
