I
1100 Generated by WorldEditor 1.7.1r2

1     16 1 0 NTTM Moorea Temae
1302 city Temae
1302 country French Polynesia
1302 datum_lat -17.489444444
1302 datum_lon -149.762222222
1302 faa_code 
1302 iata_code MOZ
1302 icao_code NTTM
1302 region_code NT
1302 state Society Islands
1302 transition_alt 9000
1302 transition_level 
100 30.00 1 0 0.25 0 1 0 12 -17.48577600 -149.76586099    0    0 2 0 0 1 30 -17.49370500 -149.75767066    0    0 2 0 0 1
102 H1 -17.49097473 -149.76141146  45.70 15.00 15.00 1 0 0 0.25 0
110 1 0.25 134.0600 Taxiway
111 -17.48600303 -149.76595499 20
112 -17.48609532 -149.76596483 -17.48614185 -149.76596313 20
112 -17.48633048 -149.76592548 -17.48641175 -149.76590598 20
112 -17.48655069 -149.76583202 -17.48660055 -149.76578306 20
112 -17.48882290 -149.76349617 -17.48886632 -149.76345122 20
112 -17.48898597 -149.76349047 -17.48903269 -149.76353485 20
111 -17.48963317 -149.76418066 20
111 -17.49054470 -149.76324747 20
112 -17.48990626 -149.76257746 -17.48985613 -149.76252421 20
112 -17.48990281 -149.76237801 -17.48995360 -149.76232615 20
111 -17.49030008 -149.76196877 20
111 -17.49042779 -149.76209457 20
111 -17.49113587 -149.76142547 20
112 -17.49080141 -149.76105535 -17.49071752 -149.76096490 20
111 -17.49080977 -149.76085909
111 -17.49063101 -149.76096132
111 -17.49056011 -149.76111477 20
112 -17.49074919 -149.76113361 -17.49082994 -149.76123743 20
111 -17.49072850 -149.76142767 20
111 -17.48986359 -149.76231605 20
112 -17.48967032 -149.76231873 -17.48956348 -149.76221401 20
111 -17.48965995 -149.76204120
111 -17.48941025 -149.76216492
111 -17.48931069 -149.76240410 20
112 -17.48955544 -149.76241895 -17.48964788 -149.76251385 20
111 -17.48959779 -149.76259029 20
111 -17.48906800 -149.76313653 20
112 -17.48886927 -149.76315723 -17.48877363 -149.76305765 20
111 -17.48882259 -149.76290516
111 -17.48860444 -149.76300126
111 -17.48853879 -149.76320033 20
112 -17.48876751 -149.76326220 -17.48885325 -149.76335832 20
111 -17.48878172 -149.76343137 20
111 -17.48746402 -149.76479410 20
112 -17.48723210 -149.76480223 -17.48713251 -149.76471008 20
111 -17.48716496 -149.76462285
111 -17.48706122 -149.76464693
111 -17.48705361 -149.76473788 20
112 -17.48721698 -149.76490290 -17.48723896 -149.76492403 20
111 -17.48731210 -149.76495815 20
112 -17.48651526 -149.76577262 -17.48646777 -149.76581895 20
112 -17.48631285 -149.76585781 -17.48623865 -149.76587395
111 -17.48631285 -149.76585781
112 -17.48631285 -149.76585781 -17.48627667 -149.76586568 20
112 -17.48612644 -149.76589091 -17.48607430 -149.76588808
111 -17.48612644 -149.76589091
112 -17.48612644 -149.76589091 -17.48607164 -149.76588794 20
113 -17.48605914 -149.76584028
112 -17.48908620 -149.76321996 -17.48913237 -149.76317225 20
112 -17.48962853 -149.76266742 -17.48966810 -149.76262676 20
112 -17.48978129 -149.76265771 -17.48983432 -149.76271082 20
112 -17.48993840 -149.76282405 -17.48998853 -149.76288421 20
112 -17.48993813 -149.76314250 -17.48986624 -149.76321649 20
112 -17.48954156 -149.76354752 -17.48948154 -149.76360630 20
112 -17.48924619 -149.76355248 -17.48918880 -149.76349647 20
114 -17.48908583 -149.76338815 -17.48903900 -149.76333560 20
110 1 0.25 135.0000 Taxiway
111 -17.48568155 -149.76576010
112 -17.48562554 -149.76590757 -17.48562608 -149.76599748
112 -17.48573253 -149.76611596 -17.48579254 -149.76615655
112 -17.48595495 -149.76604187 -17.48598387 -149.76595374
111 -17.48600303 -149.76595499
111 -17.48605914 -149.76584028
112 -17.48611647 -149.76577831 -17.48613054 -149.76576762
111 -17.48612347 -149.76569903
113 -17.48587069 -149.76596168
110 1 0.25 314.0200 Taxiway
111 -17.49361188 -149.75757196
111 -17.49354407 -149.75749957
111 -17.49338580 -149.75766767
113 -17.49329373 -149.75789926
110 1 0.25 313.1900 Taxiway
112 -17.49344966 -149.75832064 -17.49353917 -149.75822484
111 -17.49349084 -149.75808836
113 -17.49316821 -149.75842050
130 Airport Boundary
111 -17.48592134 -149.76671708
111 -17.48876019 -149.76385101
111 -17.48994959 -149.76507809
111 -17.49206663 -149.76293553
111 -17.49135115 -149.76219052
111 -17.49165009 -149.76176920
111 -17.49136586 -149.76117832
111 -17.49547252 -149.75674927
111 -17.49460512 -149.75594772
111 -17.49355640 -149.75629197
111 -17.49297324 -149.75734529
113 -17.48491673 -149.76571510
120 Linear
111 -17.48968226 -149.76410916 1 101
111 -17.48948269 -149.76389631
112 -17.48948269 -149.76389631 -17.48937428 -149.76377618 1 101
111 -17.48955125 -149.76363041 1 101
112 -17.49000421 -149.76317059 -17.49016755 -149.76300560 1 101
115 -17.49002339 -149.76279995
120 Linear
111 -17.48982419 -149.76396978 1 101
111 -17.48960760 -149.76374006 1 101
116 -17.48946888 -149.76368057 -17.48939639 -149.76369510
120 Linear
111 -17.49002046 -149.76376217 1 101
111 -17.48980922 -149.76354103 1 101
112 -17.48979599 -149.76338431 -17.48984732 -149.76333209 1 101
111 -17.48995013 -149.76340323 1 101
115 -17.49015529 -149.76362585
120 Linear
111 -17.49034411 -149.76342600 1 101
112 -17.49012364 -149.76320190 -17.49008333 -149.76316012 1 101
116 -17.49006958 -149.76306824 -17.49007748 -149.76303379
120 Linear
112 -17.48955125 -149.76363041 -17.48945799 -149.76372617 1 101
112 -17.48923098 -149.76363967 -17.48918165 -149.76358947 1 101
112 -17.48876353 -149.76315200 -17.48868835 -149.76307317 1 101
116 -17.48877523 -149.76276317 -17.48888390 -149.76265655
120 Linear
111 -17.48901840 -149.76352102 4
115 -17.48911199 -149.76342112
120 Linear
111 -17.48982113 -149.76269049 4
115 -17.48991747 -149.76259336
120 Linear
112 -17.48876353 -149.76315200 -17.48868597 -149.76307648 1 101
116 -17.48839807 -149.76315273 -17.48830223 -149.76325232
120 Linear
112 -17.48958787 -149.76192535 -17.48945879 -149.76205435 1 101
112 -17.48956954 -149.76232304 -17.48964759 -149.76239622
111 -17.48956954 -149.76232304
112 -17.48956954 -149.76232304 -17.48962626 -149.76237622 1 101
111 -17.49002339 -149.76279995 1 101
115 -17.49048688 -149.76328723
120 Linear
112 -17.48920267 -149.76232250 -17.48931777 -149.76220307 1 101
116 -17.48956954 -149.76232304 -17.48964484 -149.76239449
120 Linear
112 -17.48608130 -149.76554631 -17.48604382 -149.76558711 1 101
112 -17.48597861 -149.76576556 -17.48595403 -149.76584895 1 101
112 -17.48589188 -149.76602003 -17.48582922 -149.76608209 1 101
112 -17.48568857 -149.76599317 -17.48561980 -149.76591526 1 101
116 -17.48586208 -149.76577393 -17.48603267 -149.76583893
120 Linear
112 -17.49328507 -149.75810210 -17.49332591 -149.75806426 1 101
112 -17.49338095 -149.75790665 -17.49339577 -149.75783540 1 101
112 -17.49345955 -149.75766644 -17.49350527 -149.75761771 1 101
112 -17.49364925 -149.75767005 -17.49370856 -149.75773655 1 101
116 -17.49354396 -149.75782251 -17.49346135 -149.75779826
120 Linear
111 -17.49057519 -149.76415395 20
112 -17.49083687 -149.76402380 -17.49091121 -149.76394540 22
111 -17.49187169 -149.76296111 22
115 -17.49104334 -149.76204338
21 -17.48719063 -149.76381857 2 135.6200 3.00 12  PAPI-4L
21 -17.49240211 -149.75957522 2 314.4200 4.00 30  PAPI-4L
20 -17.48919327 -149.76334143 49.3300 0 3 {@R}12-30
20 -17.48894001 -149.76359421 37.1600 0 3 {@R}12-30
20 -17.49000018 -149.76251161 59.9700 0 3 {@R}12-30
20 -17.48974692 -149.76277346 34.2600 0 3 {@R}12-30
14 -17.49074672 -149.76275728  68.90 0 Tower Viewpoint
1300 -17.48964911 -149.76407611 225.00 tie_down jets|turboprops|props Stand A
1301 B airline 
1300 -17.48978857 -149.76393404 223.52 tie_down jets|turboprops|props Stand B
1301 B none 
1300 -17.48998746 -149.76373019 225.00 misc jets|turboprops|props Stand C
1301 C none 
1300 -17.49012450 -149.76358847 225.99 misc jets|turboprops|props Stand D
1301 B none 
1300 -17.49030803 -149.76339022 225.99 tie_down jets|turboprops|props Stand E
1301 B airline 
1300 -17.49043872 -149.76324153 225.99 misc jets|turboprops|props Stand F
1301 B none 
1300 -17.49038757 -149.76201044 -43.13 tie_down jets|turboprops|props Parking
1301 B none 
18 -17.49064260 -149.76245754 1 Airport Beacon
19 -17.48606963 -149.76629372 0 Windsock
19 -17.49121542 -149.76119044 1 Windsock
50 12880 TAHITI ATIS
54 11870 TEMAE TWR
54 11810 TAHITI TWR
55 12130 TAHITI APP
99
