I
1100 Generated by WorldEditor 1.7.1r2

1     17 0 0 NTTU Tupai
1302 city Tupai
1302 country French Polynesia
1302 datum_lat -16.243
1302 datum_lon -151.833
1302 faa_code 
1302 iata_code TPX
1302 icao_code NTTU
1302 region_code NT
1302 state  Society Islands
1302 transition_alt 3000
1302 transition_level 
1302 flatten 1
100 21.95 1 0 0.25 0 0 0 11 -16.24013914 -151.83722406    0    0 2 0 0 0 29 -16.24459565 -151.83018113    0    0 2 0 0 0
110 1 0.25 301.6200 Taxiway
111 -16.24444590 -151.83060191
112 -16.24460108 -151.83050197 -16.24465236 -151.83047052
112 -16.24472444 -151.83038062 -16.24476537 -151.83030799
113 -16.24467672 -151.83023680
110 1 0.30 206.7500 Taxiway
111 -16.24390820 -151.83108707
112 -16.24371518 -151.83108845 -16.24361687 -151.83103607
111 -16.24337390 -151.83086684
111 -16.24328835 -151.83101192
112 -16.24335718 -151.83110638 -16.24341221 -151.83114678
111 -16.24335718 -151.83110638
112 -16.24335718 -151.83110638 -16.24345812 -151.83114041
112 -16.24364642 -151.83118656 -16.24374532 -151.83125772
111 -16.24373154 -151.83136551
113 -16.24388562 -151.83128612
110 4 0.30 25.7700 Taxiway
111 -16.24375444 -151.83168940
111 -16.24386472 -151.83175217
112 -16.24398941 -151.83163110 -16.24404065 -151.83163655
112 -16.24418638 -151.83177820 -16.24430987 -151.83179075
112 -16.24446829 -151.83174464 -16.24452348 -151.83177641
112 -16.24464177 -151.83185192 -16.24467808 -151.83187840
111 -16.24471296 -151.83197033
111 -16.24489815 -151.83209207
111 -16.24487951 -151.83189703
111 -16.24508469 -151.83156858
112 -16.24495800 -151.83115886 -16.24492454 -151.83110548
112 -16.24474658 -151.83111033 -16.24470161 -151.83114191
112 -16.24469960 -151.83133431 -16.24467659 -151.83138660
112 -16.24460372 -151.83149124 -16.24457967 -151.83152392
112 -16.24434255 -151.83150965 -16.24423936 -151.83149972
112 -16.24419180 -151.83140960 -16.24419030 -151.83132961
111 -16.24426361 -151.83115562
113 -16.24414433 -151.83106932
130 Airport Boundary
111 -16.24512598 -151.83010505
111 -16.24438706 -151.82974762
111 -16.24369742 -151.83084135
111 -16.24334603 -151.83067118
111 -16.24308398 -151.83106139
111 -16.24339335 -151.83132267
111 -16.23968157 -151.83719813
111 -16.24033230 -151.83767614
111 -16.24383160 -151.83220694
111 -16.24477653 -151.83243452
111 -16.24539649 -151.83156617
113 -16.24473876 -151.83079063
120 Hold
111 -16.24359921 -151.83101977 54
115 -16.24353318 -151.83113606
120 Line
112 -16.24377245 -151.83148270 -16.24381651 -151.83141363 1
112 -16.24371935 -151.83115987 -16.24363062 -151.83110587 1
112 -16.24353695 -151.83106964 -16.24349954 -151.83106827 1
115 -16.24338382 -151.83106739
120 Line
112 -16.24403068 -151.83107434 -16.24394682 -151.83120358 1
116 -16.24371935 -151.83115987 -16.24358536 -151.83108139
120 Line
112 -16.24431668 -151.83062205 -16.24435215 -151.83056633 1
112 -16.24444452 -151.83050397 -16.24449876 -151.83047739 1
115 -16.24467949 -151.83038217
14 -16.24463070 -151.83149009  82.02 0 Tower Viewpoint
1300 -16.24343567 -151.83100694 212.42 misc jets|turboprops|props Start Location
1301 B none 
18 -16.24467662 -151.83233068 1 Airport Beacon
19 -16.24419782 -151.83181867 0 WS
99
