I
1130 Generated by WorldEditor 2.1.0r1

1     11 0 0 PTKK Chukk Intl
1302 city Weno Island
1302 country Micronesia
1302 datum_lat 7.461891667
1302 datum_lon 151.843016667
1302 faa_code 
1302 gui_label 3D
1302 iata_code TKK
1302 icao_code PTKK
1302 region_code PT
1302 state Chuuk State
1302 transition_alt 18000
1302 transition_level 18000
100 44.00 1 1 0.00 0 2 0 04  07.45615565  151.83697601    0   58 2 0 0 1 22  07.46766814  151.84892819    0   59 2 0 0 1
110 2 0.00 0.0000 New Taxiway 9
111  07.45888762  151.84079069
111  07.45886570  151.84081151
111  07.45889953  151.84084775
113  07.45892146  151.84082692
110 2 0.00 0.0000 New Taxiway 9
111  07.45846699  151.84035321
111  07.45844506  151.84037403
111  07.45848657  151.84041849
113  07.45850850  151.84039766
110 2 0.00 0.0000 New Taxiway 9
111  07.46600108  151.84665646
111  07.46595877  151.84669665
111  07.46598035  151.84671977
113  07.46602267  151.84667958
110 2 0.00 0.0000 New Taxiway 9
111  07.46550941  151.84713580
111  07.46546709  151.84717599
111  07.46548868  151.84719911
113  07.46553099  151.84715892
110 2 0.00 0.0000 New Taxiway 9
111  07.46360251  151.84514792
111  07.46356019  151.84518811
111  07.46358178  151.84521123
113  07.46362409  151.84517104
110 2 0.00 0.0000 New Taxiway 9
111  07.46410019  151.84467080
111  07.46405787  151.84471099
111  07.46407946  151.84473411
113  07.46412177  151.84469392
110 2 0.00 0.0000 New Taxiway 9
111  07.46217010  151.84268760
111  07.46212778  151.84272779
111  07.46214937  151.84275090
113  07.46219168  151.84271072
110 2 0.00 0.0000 New Taxiway 9
111  07.46168202  151.84316275
111  07.46163970  151.84320294
111  07.46166129  151.84322606
113  07.46170360  151.84318587
110 2 0.00 0.0000 New Taxiway 9
111  07.46025715  151.84069748
111  07.46021484  151.84073766
111  07.46023642  151.84076078
113  07.46027874  151.84072059
110 2 0.00 0.0000 New Taxiway 9
111  07.45976373  151.84117774
111  07.45972141  151.84121793
111  07.45974300  151.84124105
113  07.45978532  151.84120086
110 2 0.00 0.0000 New Taxiway 9
111  07.45854465  151.83991444
111  07.45850821  151.83994905
111  07.45852665  151.83996880
113  07.45856309  151.83993419
110 2 0.00 0.0000 New Taxiway 8
111  07.45786692  151.83921030
111  07.45784870  151.83918886
112  07.45781925  151.83921153  07.45781226  151.83921949
112  07.45781712  151.83923357  07.45782866  151.83924521
112  07.45784172  151.83924919  07.45784931  151.83924491
114  07.45785872  151.83923021  07.45786054  151.83922622
110 2 0.00 0.0000 New Taxiway 7
111  07.45830493  151.83875424
111  07.45832406  151.83877200
111  07.45833833  151.83875730
112  07.45835352  151.83875454  07.45836172  151.83874934
112  07.45835716  151.83873157  07.45835048  151.83872422
112  07.45834350  151.83871657  07.45833803  151.83871044
112  07.45832458  151.83871840  07.45831850  151.83872392
113  07.45832213  151.83873675
110 2 0.00 0.0000 New Taxiway 6
111  07.45846840  151.83852601
111  07.45850250  151.83856041
111  07.45852565  151.83853706
113  07.45849155  151.83850266
110 1 0.00 0.0000 New Taxiway 69
111  07.45819420  151.84172877
112  07.45816943  151.84177681  07.45816054  151.84178962
112  07.45807137  151.84186198  07.45805902  151.84187088
111  07.45804669  151.84187405
111  07.45782230  151.84210691
112  07.45784135  151.84212805  07.45784580  151.84213509
112  07.45784961  151.84216584  07.45784262  151.84218441
111  07.45783183  151.84220363
111  07.45786041  151.84220235
112  07.45787120  151.84218569  07.45787501  151.84218121
112  07.45791693  151.84213125  07.45794551  151.84210051
111  07.45792965  151.84207198
111  07.45799471  151.84200491
112  07.45802596  151.84203796  07.45803815  151.84204872
111  07.45805263  151.84204258
112  07.45814903  151.84194763  07.45816885  151.84192842
111  07.45815665  151.84190229
111  07.45812693  151.84187538
112  07.45818839  151.84181326  07.45821570  151.84178956
113  07.45825317  151.84179212
110 2 0.00 0.0000 New Taxiway 90
111  07.46804063  151.84869447
111  07.46802751  151.84868070
111  07.46800340  151.84870407
113  07.46801652  151.84871784
110 2 0.00 0.0000 New Taxiway 90
111  07.46744242  151.84927395
111  07.46743042  151.84925961
111  07.46740481  151.84928142
113  07.46741682  151.84929576
110 2 0.00 0.0000 New Taxiway 5
111  07.45828498  151.83867507
111  07.45826303  151.83865221
111  07.45824495  151.83866987
113  07.45826691  151.83869273
110 2 0.00 0.0000 New Taxiway 5
111  07.46541258  151.84741911
111  07.46539063  151.84739625
111  07.46537256  151.84741390
113  07.46539451  151.84743676
110 2 0.00 0.0000 New Taxiway 5
111  07.45834401  151.83861642
111  07.45832206  151.83859356
111  07.45830399  151.83861121
113  07.45832594  151.83863407
110 2 0.00 0.0000 New Taxiway 5
111  07.46547161  151.84736046
111  07.46544966  151.84733759
111  07.46543159  151.84735525
113  07.46545354  151.84737811
110 2 0.00 0.0000 New Taxiway 5
111  07.45839998  151.83855821
111  07.45837803  151.83853535
111  07.45835996  151.83855300
113  07.45838191  151.83857586
110 2 0.00 0.0000 New Taxiway 5
111  07.46552758  151.84730224
111  07.46550563  151.84727938
111  07.46548756  151.84729704
113  07.46550951  151.84731990
110 2 0.00 0.0000 New Taxiway 5
111  07.45845735  151.83850300
111  07.45843540  151.83848014
111  07.45841732  151.83849779
113  07.45843928  151.83852065
110 2 0.00 0.0000 New Taxiway 5
111  07.46558705  151.84724491
111  07.46556510  151.84722205
111  07.46554703  151.84723970
113  07.46556898  151.84726257
110 2 0.00 0.0000 New Taxiway 77
111  07.45720201  151.84011881
111  07.45715717  151.84011647
111  07.45723113  151.84018687
113  07.45723391  151.84015284
110 2 0.00 0.0000 New Taxiway 76
111  07.45751313  151.84045908
111  07.45745233  151.84039528
111  07.45743345  151.84041359
111  07.45723758  151.84020808
111  07.45724826  151.84019772
111  07.45715360  151.84009839
111  07.45703778  151.84021067
111  07.45741643  151.84060795
111  07.45746958  151.84055642
111  07.45742198  151.84050648
111  07.45745712  151.84047241
113  07.45747741  151.84049370
110 2 0.00 0.0000 New Taxiway 73
111  07.45700850  151.84038740
111  07.45688870  151.84025386
111  07.45677675  151.84035601
113  07.45689655  151.84048955
110 1 0.00 0.0000 New Taxiway 70
111  07.45759763  151.84113189
112  07.45757202  151.84119092  07.45755373  151.84120844
111  07.45750824  151.84123864
111  07.45755828  151.84129973
111  07.45729490  151.84155740
111  07.45737783  151.84164269
111  07.45743996  151.84156881
111  07.45741202  151.84154657
112  07.45741239  151.84152878  07.45741386  151.84151692
111  07.45742388  151.84150285
112  07.45767216  151.84126473  07.45769249  151.84124551
113  07.45770836  151.84125384
110 2 0.00 0.0000 New Taxiway 62
111  07.45851484  151.84140984
111  07.45831065  151.84119714
111  07.45809476  151.84140794
113  07.45829895  151.84162064
110 2 0.00 0.0000 New Taxiway 62
111  07.45806742  151.84094336
111  07.45785960  151.84073157
111  07.45764601  151.84094476
113  07.45785382  151.84115655
110 2 0.00 0.0000 New Taxiway 48
111  07.45844665  151.84187031
111  07.45842553  151.84184772
111  07.45840913  151.84186331
113  07.45843026  151.84188590
110 2 0.00 0.0000 New Taxiway 13
111  07.45553668  151.83683149
112  07.45535389  151.83703669  07.45532669  151.83707070
112  07.45533539  151.83713215  07.45533757  151.83715191
112  07.45548445  151.83729601  07.45550012  151.83731181
112  07.45575473  151.83756727  07.45586832  151.83769763
112  07.45638624  151.83819527  07.45659645  151.83842307
112  07.45683708  151.83867444  07.45697940  151.83883772
112  07.45701625  151.83886467  07.45707500  151.83892392
112  07.45713950  151.83895913  07.45714702  151.83897430
112  07.45714138  151.83904636  07.45714138  151.83905963
112  07.45717710  151.83911462  07.45719403  151.83913927
112  07.45725795  151.83919616  07.45731812  151.83923787
112  07.45727759  151.83925449  07.45729169  151.83926871
112  07.45737630  151.83931137  07.45740920  151.83931611
112  07.45740450  151.83932559  07.45741390  151.83933350
112  07.45745934  151.83943779  07.45746404  151.83948203
112  07.45738727  151.83950573  07.45736376  151.83953102
111  07.45740532  151.83952389
112  07.45745494  151.83947254  07.45746669  151.83944752
112  07.45749149  151.83948175  07.45749802  151.83948834
112  07.45754111  151.83948044  07.45755025  151.83947517
112  07.45760117  151.83946068  07.45763120  151.83946068
112  07.45774349  151.83953574  07.45781138  151.83958841
111  07.45787536  151.83966084
112  07.45784794  151.83968981  07.45783358  151.83970298
112  07.45780094  151.83971483  07.45779310  151.83971219
111  07.45775916  151.83968849
111  07.45769518  151.83962660
111  07.45766906  151.83964899
112  07.45771607  151.83969639  07.45772782  151.83970298
111  07.45774218  151.83972668
112  07.45770171  151.83975828  07.45767429  151.83977935
111  07.45763773  151.83981754
111  07.45765731  151.83984519
112  07.45774088  151.83976487  07.45777743  151.83973853
111  07.45777482  151.83976750
111  07.45774871  151.83980964
111  07.45768865  151.83986363
111  07.45780224  151.83999399
111  07.45800782  151.83979042
111  07.45792212  151.83962614
111  07.45789392  151.83964510
112  07.45776074  151.83952501  07.45766517  151.83944600
112  07.45753457  151.83937913  07.45750976  151.83937003
112  07.45743079  151.83925853  07.45741048  151.83923806
111  07.45743305  151.83922895
112  07.45723450  151.83901734  07.45716230  151.83893770
112  07.45699702  151.83881097  07.45694250  151.83876736
112  07.45682217  151.83861566  07.45678644  151.83858533
112  07.45644238  151.83820216  07.45638597  151.83813264
112  07.45612589  151.83788297  07.45605538  151.83781029
112  07.45593155  151.83771903  07.45589238  151.83767820
112  07.45571351  151.83747805  07.45564822  151.83740826
112  07.45555021  151.83731939  07.45549762  151.83728464
112  07.45539063  151.83715114  07.45534620  151.83710084
112  07.45536524  151.83706975  07.45536524  151.83705329
112  07.45543143  151.83698196  07.45545319  151.83695362
113  07.45555746  151.83684937
110 1 0.00 0.0000 New Taxiway 12
111  07.45867520  151.83990449
111  07.45862759  151.83994336
111  07.45868124  151.84000356
112  07.45874018  151.84016511  07.45873413  151.84026265
112  07.45865124  151.84037116  07.45859155  151.84042831
111  07.45842253  151.84057775
112  07.45831282  151.84059878  07.45825116  151.84059055
111  07.45819404  151.84056038
111  07.45791669  151.84028920
111  07.45732228  151.84085878
111  07.45839942  151.84196267
111  07.45894637  151.84144354
111  07.45898808  151.84141428
111  07.45897448  151.84138959
111  07.45894637  151.84137038
111  07.45870887  151.84110449
112  07.45874260  151.84081919  07.45886990  151.84069628
111  07.45892974  151.84063922
112  07.45912505  151.84056607  07.45925300  151.84057002
111  07.45931045  151.84064903
111  07.45932873  151.84067141
113  07.45937704  151.84062137
110 2 0.00 0.0000 New Taxiway 11
111  07.45642182  151.83662942
111  07.45640873  151.83661500
111  07.45638538  151.83663655
113  07.45639847  151.83665098
110 2 0.00 0.0000 New Taxiway 11
111  07.45581557  151.83721038
111  07.45580087  151.83719655
111  07.45577920  151.83721997
113  07.45579390  151.83723381
110 1 0.00 0.0000 New Taxiway 10
111  07.45579304  151.83700616
111  07.45581936  151.83703562
112  07.45585321  151.83711941  07.45585426  151.83716889
111  07.45582712  151.83719943
111  07.45576241  151.83727308
111  07.45634289  151.83786513
111  07.45638696  151.83782448
112  07.45649967  151.83777622  07.45654942  151.83777686
111  07.45659610  151.83782389
111  07.45663056  151.83786504
111  07.45703560  151.83749071
111  07.45699314  151.83744631
112  07.45694718  151.83735169  07.45693647  151.83729708
111  07.45697609  151.83724485
111  07.45703353  151.83719481
111  07.45645987  151.83659972
111  07.45640215  151.83664946
112  07.45631085  151.83668280  07.45625471  151.83668703
113  07.45619626  151.83662719
110 1 0.00 0.0000 New Taxiway 1
111  07.46682834  151.84845197
112  07.46685458  151.84847472  07.46686665  151.84848637
112  07.46689446  151.84858692  07.46689446  151.84865095
111  07.46680238  151.84872108
111  07.46736638  151.84931236
112  07.46743564  151.84925774  07.46746083  151.84923805
112  07.46753828  151.84923043  07.46759620  151.84923551
111  07.46766608  151.84932762
111  07.46805521  151.84894389
112  07.46802952  151.84891646  07.46801139  151.84889893
112  07.46797373  151.84878770  07.46797600  151.84871454
111  07.46805987  151.84864824
111  07.46749502  151.84805522
111  07.46744515  151.84809820
112  07.46735357  151.84813570  07.46728194  151.84814118
113  07.46722391  151.84806711
110 1 0.00 0.0000 New Taxiway 78
111  07.45698744  151.83965852
111  07.45692686  151.83971625
111  07.45696414  151.83975922
111  07.45675876  151.83994401
112  07.45690415  151.84010030  07.45692332  151.84011803
112  07.45690734  151.84013736  07.45690415  151.84014461
112  07.45684920  151.84019570  07.45682444  151.84021262
111  07.45680686  151.84020859
111  07.45679248  151.84019570
111  07.45663671  151.84032944
111  07.45666707  151.84038100
112  07.45665828  151.84041483  07.45665269  151.84042450
111  07.45662873  151.84042128
111  07.45663991  151.84047929
112  07.45666947  151.84048090  07.45668145  151.84048251
111  07.45668864  151.84049701
111  07.45667106  151.84054212
112  07.45676133  151.84057838  07.45679967  151.84059852
111  07.45683722  151.84061866
111  07.45690432  151.84056952
112  07.45687955  151.84054293  07.45686997  151.84053246
111  07.45687955  151.84050587
111  07.45689802  151.84048709
111  07.45679727  151.84037330
111  07.45678109  151.84038775
112  07.45676630  151.84038262  07.45675891  151.84037237
111  07.45676769  151.84036304
111  07.45678341  151.84034532
111  07.45677231  151.84033180
111  07.45680141  151.84030143
111  07.45681738  151.84032077
111  07.45687729  151.84026840
111  07.45685253  151.84024343
111  07.45690529  151.84018751
112  07.45694603  151.84012306  07.45696281  151.84009406
111  07.45694567  151.84005913
112  07.45690506  151.83995507  07.45689441  151.83991814
111  07.45692770  151.83988256
113  07.45707061  151.83974994
110 3 0.00 0.0000 New Taxiway 72
111  07.45737739  151.83976763
111  07.45687038  151.83922973
111  07.45644633  151.83964677
113  07.45694764  151.84017093
110 1 0.00 0.0000 New Taxiway 71
111  07.45783251  151.84220412
112  07.45777676  151.84218181  07.45775938  151.84216981
111  07.45774018  151.84215782
111  07.45775481  151.84213846
111  07.45744277  151.84182555
111  07.45742943  151.84183708
111  07.45724018  151.84164301
111  07.45723128  151.84168913
112  07.45719359  151.84168963  07.45717903  151.84167361
112  07.45718653  151.84166205  07.45719226  151.84165805
111  07.45756799  151.84129896
112  07.45733639  151.84104513  07.45726923  151.84097607
112  07.45706494  151.84077289  07.45701884  151.84071710
111  07.45690164  151.84056968
111  07.45683842  151.84062148
112  07.45698724  151.84073570  07.45706362  151.84082070
112  07.45709259  151.84086718  07.45710181  151.84089773
112  07.45713473  151.84099203  07.45716766  151.84101727
112  07.45729945  151.84114042  07.45735477  151.84122011
112  07.45737531  151.84137312  07.45733738  151.84140818
112  07.45725877  151.84141358  07.45721578  151.84137945
112  07.45705026  151.84122819  07.45701733  151.84119776
112  07.45694234  151.84118300  07.45691033  151.84118300
112  07.45687649  151.84116547  07.45686369  151.84115994
111  07.45685729  151.84115533
111  07.45683808  151.84117009
112  07.45685272  151.84120975  07.45683534  151.84122450
112  07.45679014  151.84128103  07.45678648  151.84129856
112  07.45681758  151.84136127  07.45683495  151.84137972
111  07.45697945  151.84152453
111  07.45700048  151.84148763
111  07.45685965  151.84133637
112  07.45685233  151.84126258  07.45688342  151.84123768
112  07.45693464  151.84124414  07.45698128  151.84126904
112  07.45710657  151.84139909  07.45714223  151.84143137
112  07.45719528  151.84149409  07.45719802  151.84150516
112  07.45715229  151.84161676  07.45710382  151.84166195
112  07.45705193  151.84167356  07.45703349  151.84167356
111  07.45701637  151.84166294
112  07.45685570  151.84185419  07.45681093  151.84191794
112  07.45678064  151.84201224  07.45678064  151.84203482
112  07.45679249  151.84208263  07.45680566  151.84209990
112  07.45681356  151.84212380  07.45681225  151.84213974
112  07.45680598  151.84218267  07.45680439  151.84219121
112  07.45678216  151.84221843  07.45676629  151.84223124
111  07.45674406  151.84223978
111  07.45693300  151.84225526
112  07.45687584  151.84218587  07.45686420  151.84215331
111  07.45686631  151.84214851
111  07.45685361  151.84214370
111  07.45685414  151.84213730
111  07.45687849  151.84211808
111  07.45688060  151.84204709
112  07.45695045  151.84197851  07.45696951  151.84195929
112  07.45697872  151.84200760  07.45696577  151.84204065
111  07.45695662  151.84206448
111  07.45709456  151.84219821
111  07.45753123  151.84219539
111  07.45757319  151.84216343
111  07.45760154  151.84217357
112  07.45765550  151.84220586  07.45767104  151.84221416
112  07.45768476  151.84223168  07.45768659  151.84223721
113  07.45767379  151.84226396
110 2 0.00 0.0000 New Taxiway 81
111  07.45807398  151.84162855
112  07.45799955  151.84169895  07.45798568  151.84170734
112  07.45795610  151.84169428  07.45794454  151.84169055
112  07.45789739  151.84167750  07.45788814  151.84167843
111  07.45786965  151.84170128
111  07.45798522  151.84181317
111  07.45799308  151.84173764
113  07.45808877  151.84164207
110 1 0.00 0.0000 New Taxiway 80
111  07.45777215  151.84131827
112  07.45773490  151.84135136  07.45772212  151.84136103
112  07.45767738  151.84141501  07.45766460  151.84144079
112  07.45767179  151.84152860  07.45767179  151.84155277
111  07.45765022  151.84157049
111  07.45761987  151.84159869
111  07.45763185  151.84161239
112  07.45766780  151.84158500  07.45768218  151.84157049
112  07.45769975  151.84151732  07.45770295  151.84148993
112  07.45771413  151.84140051  07.45772372  151.84138036
112  07.45776685  151.84135861  07.45777883  151.84135136
111  07.45779002  151.84137150
111  07.45811035  151.84169940
113  07.45813163  151.84168692
110 2 0.00 0.0000 New Taxiway 79
111  07.45605746  151.83638945
111  07.45626589  151.83623270
112  07.45634706  151.83625609  07.45640835  151.83630954
112  07.45665847  151.83657182  07.45674129  151.83665702
111  07.45865094  151.83863942
111  07.46020405  151.84027509
111  07.46022785  151.84025998
111  07.45661364  151.83647442
112  07.45637944  151.83623304  07.45633918  151.83619244
112  07.45626153  151.83618954  07.45620689  151.83622337
113  07.45603867  151.83636355
110 2 0.00 0.0000 New Taxiway 64
111  07.45802526  151.83950700
111  07.45780687  151.83972504
111  07.45793637  151.83986118
111  07.45812951  151.83967607
111  07.45837110  151.83967453
113  07.45803516  151.83932389
110 1 0.00 0.0000 New Taxiway 2
112  07.46603952  151.84569833  07.46595649  151.84560134
112  07.46575958  151.84575314  07.46571819  151.84587449
114  07.46594639  151.84597138  07.46607081  151.84594702
130 Airport Boundary
111  07.45632705  151.83616883
111  07.45627809  151.83613810
111  07.45622391  151.83616049
111  07.45587454  151.83644517
111  07.45570884  151.83658934
111  07.45554486  151.83675226
111  07.45545903  151.83683918
111  07.45536806  151.83694075
111  07.45529831  151.83702703
111  07.45528866  151.83709036
111  07.45531459  151.83714701
111  07.45544237  151.83728027
111  07.45563827  151.83749778
111  07.45597507  151.83785165
111  07.45659195  151.83845885
111  07.45717286  151.83901718
111  07.45717414  151.83908809
111  07.45693985  151.83929273
111  07.45686765  151.83922447
111  07.45643446  151.83964770
111  07.45685863  151.84012554
111  07.45666765  151.84028642
111  07.45666765  151.84055380
111  07.45691717  151.84067569
111  07.45704583  151.84086049
111  07.45714329  151.84104135
111  07.45735772  151.84129693
111  07.45735246  151.84137305
111  07.45731459  151.84140861
111  07.45710569  151.84123742
111  07.45701003  151.84116887
111  07.45690474  151.84114232
111  07.45678065  151.84125799
111  07.45668852  151.84138124
111  07.45664340  151.84135090
111  07.45655315  151.84144760
111  07.45658323  151.84147415
111  07.45652307  151.84170928
111  07.45684082  151.84181926
111  07.45677877  151.84193303
111  07.45675997  151.84204301
111  07.45675869  151.84218765
111  07.45692114  151.84222178
111  07.45715352  151.84222178
111  07.45764064  151.84219031
111  07.45787077  151.84220123
111  07.45811173  151.84225857
111  07.45839330  151.84225311
111  07.45892052  151.84217869
111  07.45938837  151.84210005
111  07.45980098  151.84205090
111  07.46008038  151.84219507
111  07.46030456  151.84240477
111  07.46225680  151.84444405
111  07.46601347  151.84826580
111  07.46686582  151.84920535
111  07.46711599  151.84942816
111  07.46716147  151.84941178
111  07.46751560  151.84978204
111  07.46757408  151.84979842
111  07.46784124  151.84957155
111  07.46787483  151.84951199
111  07.46826497  151.84916434
111  07.46835569  151.84904935
111  07.46846286  151.84894317
111  07.46854056  151.84885727
111  07.46853899  151.84879722
111  07.46840581  151.84866448
111  07.46642225  151.84659161
111  07.46639066  151.84651197
111  07.46626882  151.84593855
111  07.46619211  151.84569963
111  07.46605986  151.84553406
111  07.46591885  151.84547717
111  07.46562931  151.84542028
111  07.46530519  151.84533817
111  07.46509837  151.84525284
111  07.46488403  151.84505943
111  07.46380797  151.84395520
111  07.46122001  151.84130340
111  07.45799214  151.83786758
113  07.45656430  151.83639998
120 Linear Feature 61
111  07.45892372  151.84136108 19
115  07.45888764  151.84139342
120 Linear Feature 60
111  07.45882053  151.84125657 19
115  07.45878773  151.84128811
120 Linear Feature 59
111  07.45872751  151.84115857 19
115  07.45869320  151.84119134
120 Linear Feature 58
111  07.45867429  151.84108166 19
115  07.45863102  151.84110259
120 Linear Feature 57
111  07.45860717  151.84099323 19
115  07.45865532  151.84099146
120 Linear Feature 56
111  07.45862589  151.84088323 19
115  07.45866763  151.84089992
120 Linear Feature 55
111  07.45870598  151.84076202 19
115  07.45874121  151.84079816
120 Linear Feature 54
111  07.45879536  151.84067948 19
115  07.45882952  151.84071572
120 Linear Feature 53
111  07.45887228  151.84060691 19
115  07.45890726  151.84064182
120 Linear Feature 52
111  07.45897859  151.84052943 19
115  07.45899959  151.84057486
120 Linear Feature 51
111  07.45910914  151.84050080 19
115  07.45910914  151.84055261
120 Linear Feature 50
111  07.45924040  151.84052256 19
115  07.45922227  151.84056999
120 Linear Feature 49
111  07.45936838  151.84060436 19
115  07.45933089  151.84063892
120 Linear Feature 47
111  07.45892262  151.84144448 19
115  07.45888493  151.84140501
120 Linear Feature 47
111  07.45885585  151.84150971 19
115  07.45881668  151.84147066
120 Linear Feature 47
111  07.45877387  151.84158908 19
115  07.45873470  151.84155003
120 Linear Feature 47
111  07.45869071  151.84167059 19
115  07.45865154  151.84163154
120 Linear Feature 47
111  07.45860618  151.84174898 19
115  07.45856701  151.84170993
120 Linear Feature 47
111  07.45852422  151.84182750 19
115  07.45848506  151.84178845
120 Linear Feature 47
111  07.45844072  151.84190508 19
115  07.45840155  151.84186603
120 Linear Feature 47
111  07.45741883  151.84084091 19
115  07.45739319  151.84081569
120 Linear Feature 47
111  07.45751419  151.84074742 19
115  07.45748856  151.84072219
120 Linear Feature 47
111  07.45760795  151.84065719 19
115  07.45758231  151.84063197
120 Linear Feature 47
111  07.45770323  151.84056519 19
115  07.45767759  151.84053997
120 Linear Feature 47
111  07.45780013  151.84047282 19
115  07.45777449  151.84044760
120 Linear Feature 47
111  07.45789903  151.84037760 19
115  07.45787339  151.84035237
120 Linear Feature 46
111  07.45838055  151.84187107 19
115  07.45835218  151.84189725
120 Linear Feature 46
111  07.45829061  151.84177835 19
115  07.45826225  151.84180453
120 Linear Feature 46
111  07.45820328  151.84168780 19
115  07.45817491  151.84171398
120 Linear Feature 46
111  07.45802685  151.84150503 19
115  07.45799848  151.84153121
120 Linear Feature 46
111  07.45794019  151.84141359 19
115  07.45791183  151.84143977
120 Linear Feature 46
111  07.45785435  151.84132326 19
115  07.45782598  151.84134944
120 Linear Feature 46
111  07.45776692  151.84123121 19
115  07.45773856  151.84125739
120 Linear Feature 46
111  07.45767768  151.84114125 19
115  07.45764932  151.84116743
120 Linear Feature 46
111  07.45758903  151.84104739 19
115  07.45756066  151.84107357
120 Linear Feature 46
111  07.45750100  151.84095741 19
115  07.45747264  151.84098359
120 Linear Feature 46
111  07.45741417  151.84086499 19
115  07.45738580  151.84089117
120 Linear Feature 46
111  07.45794812  151.84034646 19
115  07.45791219  151.84038015
120 Linear Feature 45
111  07.45804405  151.84044150 19
115  07.45800685  151.84047620
120 Linear Feature 44
111  07.45814255  151.84054329 19
115  07.45810818  151.84057583
120 Linear Feature 43
111  07.45819420  151.84064275 19
115  07.45821493  151.84060110
120 Linear Feature 42
111  07.45830244  151.84067529 19
115  07.45830452  151.84062483
120 Linear Feature 41
111  07.45841410  151.84065806 19
115  07.45839697  151.84061433
120 Linear Feature 40
111  07.45853214  151.84057896 19
115  07.45849716  151.84054368
120 Linear Feature 39
111  07.45861950  151.84049780 19
115  07.45858307  151.84045995
120 Linear Feature 38
111  07.45869385  151.84041951 19
115  07.45866032  151.84038643
120 Linear Feature 37
111  07.45877183  151.84031587 19
115  07.45872992  151.84029382
120 Linear Feature 36
111  07.45880646  151.84018695 19
115  07.45875727  151.84018475
120 Linear Feature 35
111  07.45879095  151.84005421 19
115  07.45874176  151.84007405
120 Linear Feature 34
111  07.45870496  151.83991382 19
115  07.45866233  151.83995167
120 Linear Feature 33
111  07.45856233  151.84047882 62 103
115  07.45881113  151.84073526
120 Linear Feature 32
111  07.45860550  151.84068517 57
112  07.45850341  151.84104699  07.45854656  151.84123015 57
115  07.45863819  151.84129513
120 Linear Feature 31
111  07.45867642  151.84062076 57
111  07.45860541  151.84068518 57
112  07.45841681  151.84077937  07.45832342  151.84079309 57
115  07.45824635  151.84077937
120 Linear Feature 30
111  07.45889552  151.84040621 51
112  07.45918956  151.84030111  07.45935367  151.84031848 51
112  07.45945720  151.84041749  07.45950616  151.84046687 51
115  07.45983553  151.84082403
120 Linear Feature 29
111  07.45850671  151.83943521 51
111  07.45889150  151.83983158 51
112  07.45900425  151.84011068  07.45899903  151.84028187 51
112  07.45889458  151.84040696  07.45885279  151.84044647 51
115  07.45870162  151.84059332
120 Linear Feature 28
111  07.45879039  151.84067715 3 102
111  07.45888706  151.84058372 3 102
112  07.45911188  151.84049594  07.45926058  151.84049594 3 102
115  07.45933584  151.84056727
120 Linear Feature 27
111  07.45858872  151.84053268 3 102
111  07.45849996  151.84061759 3 102
112  07.45833386  151.84067852  07.45824319  151.84068043 3 102
112  07.45811093  151.84058633  07.45805426  151.84052917 3 102
111  07.45790396  151.84037867 3 102
111  07.45740921  151.84085433 3 102
111  07.45838916  151.84187298 3 102
111  07.45888675  151.84139945 3 102
111  07.45867517  151.84118058 3 102
112  07.45860269  151.84099124  07.45860042  151.84087312 3 102
112  07.45870092  151.84076187  07.45873416  151.84073062 3 102
115  07.45875910  151.84070548
120 Linear Feature 26
111  07.45872525  151.83993064 3 102
112  07.45881165  151.84016790  07.45881346  151.84030964 3 102
112  07.45871826  151.84040840  07.45869559  151.84042943 3 102
115  07.45862146  151.84049966
120 Linear Feature 68
111  07.45767402  151.84088940 1
115  07.45762221  151.84083330
120 Linear Feature 68
111  07.45812612  151.84136255 1
115  07.45807431  151.84130645
120 Linear Feature 68
111  07.45816613  151.84132412 1
115  07.45811432  151.84126802
120 Linear Feature 68
111  07.45771818  151.84085465 1
115  07.45766637  151.84079855
120 Linear Feature 67
111  07.45805230  151.84075546 10
111  07.45804554  151.84075034 10
113  07.45804453  151.84075880 10
120 Linear Feature 66
111  07.45857188  151.84136929 1
111  07.45836949  151.84156165 1
112  07.45826570  151.84150897  07.45823140  151.84146606 1
111  07.45821997  151.84141866 1
111  07.45815773  151.84136294 1
112  07.45821745  151.84117978  07.45830002  151.84109843 1
111  07.45840735  151.84112341 1
115  07.45846698  151.84106910
120 Linear Feature 66
111  07.45813087  151.84089669 1
111  07.45792849  151.84108905 1
112  07.45782469  151.84103637  07.45779040  151.84099346 1
111  07.45777262  151.84095567 1
111  07.45771038  151.84089994 1
112  07.45771040  151.84080966  07.45772374  151.84074496 1
111  07.45775803  151.84072511 1
115  07.45802915  151.84075342
120 Linear Feature 65
111  07.45847309  151.84105236 10
111  07.45847784  151.84105769 10
113  07.45848004  151.84105088 10
120 Linear Feature 65
111  07.45858900  151.84135524 10
111  07.45858327  151.84134881 10
113  07.45858062  151.84135703 10
120 Linear Feature 65
111  07.45814673  151.84088697 10
111  07.45814100  151.84088054 10
113  07.45813835  151.84088876 10
120 Linear Feature 25
111  07.46537149  151.84624189 19
115  07.46544816  151.84624336
120 Linear Feature 25
111  07.46689849  151.84783495 19
115  07.46697516  151.84783642
120 Linear Feature 25
111  07.46383608  151.84465643 19
115  07.46391275  151.84465790
120 Linear Feature 25
111  07.46461038  151.84545080 19
115  07.46468705  151.84545227
120 Linear Feature 25
111  07.46613738  151.84704386 19
115  07.46621405  151.84704533
120 Linear Feature 25
111  07.46307497  151.84386534 19
115  07.46315164  151.84386681
120 Linear Feature 25
111  07.46517971  151.84603899 19
115  07.46525638  151.84604047
120 Linear Feature 25
111  07.46670671  151.84763205 19
115  07.46678338  151.84763353
120 Linear Feature 25
111  07.46364430  151.84445353 19
115  07.46372097  151.84445501
120 Linear Feature 25
111  07.46441860  151.84524790 19
115  07.46449528  151.84524938
120 Linear Feature 25
111  07.46594560  151.84684096 19
115  07.46602227  151.84684243
120 Linear Feature 25
111  07.46288319  151.84366245 19
115  07.46295986  151.84366392
120 Linear Feature 25
111  07.46499170  151.84583989 19
115  07.46506837  151.84584136
120 Linear Feature 25
111  07.46651870  151.84743295 19
115  07.46659537  151.84743442
120 Linear Feature 25
111  07.46345628  151.84425443 19
115  07.46353295  151.84425590
120 Linear Feature 25
111  07.46423059  151.84504880 19
115  07.46430726  151.84505027
120 Linear Feature 25
111  07.46575759  151.84664186 19
115  07.46583426  151.84664333
120 Linear Feature 25
111  07.46269518  151.84346334 19
115  07.46277185  151.84346482
120 Linear Feature 25
111  07.46479992  151.84564458 19
115  07.46487659  151.84564605
120 Linear Feature 25
111  07.46632692  151.84723764 19
115  07.46640359  151.84723911
120 Linear Feature 25
111  07.46326451  151.84405912 19
115  07.46334118  151.84406059
120 Linear Feature 25
111  07.46710123  151.84803201 19
115  07.46717790  151.84803348
120 Linear Feature 25
111  07.46403881  151.84485349 19
115  07.46411548  151.84485496
120 Linear Feature 25
111  07.46556581  151.84644654 19
115  07.46564248  151.84644802
120 Linear Feature 25
111  07.46250340  151.84326803 19
115  07.46258007  151.84326951
120 Linear Feature 25
111  07.46507614  151.84652429 19
115  07.46507607  151.84660198
120 Linear Feature 25
111  07.46660314  151.84811735 19
115  07.46660307  151.84819504
120 Linear Feature 25
111  07.46354073  151.84493883 19
115  07.46354066  151.84501652
120 Linear Feature 25
111  07.46431504  151.84573320 19
115  07.46431496  151.84581089
120 Linear Feature 25
111  07.46584204  151.84732626 19
115  07.46584196  151.84740395
120 Linear Feature 25
111  07.46277962  151.84414774 19
115  07.46277955  151.84422543
120 Linear Feature 25
111  07.46488437  151.84632140 19
115  07.46488430  151.84639909
120 Linear Feature 25
111  07.46641137  151.84791446 19
115  07.46641129  151.84799215
120 Linear Feature 25
111  07.46334896  151.84473594 19
115  07.46334888  151.84481362
120 Linear Feature 25
111  07.46412326  151.84553030 19
115  07.46412319  151.84560799
120 Linear Feature 25
111  07.46565026  151.84712336 19
115  07.46565019  151.84720105
120 Linear Feature 25
111  07.46258785  151.84394485 19
115  07.46258777  151.84402254
120 Linear Feature 25
111  07.46469635  151.84612229 19
115  07.46469628  151.84619998
120 Linear Feature 25
111  07.46622335  151.84771535 19
115  07.46622328  151.84779304
120 Linear Feature 25
111  07.46316094  151.84453683 19
115  07.46316087  151.84461452
120 Linear Feature 25
111  07.46393525  151.84533120 19
115  07.46393517  151.84540889
120 Linear Feature 25
111  07.46546224  151.84692426 19
115  07.46546217  151.84700195
120 Linear Feature 25
111  07.46239983  151.84374574 19
115  07.46239976  151.84382343
120 Linear Feature 25
111  07.46450458  151.84592698 19
115  07.46450450  151.84600467
120 Linear Feature 25
111  07.46603158  151.84752004 19
115  07.46603150  151.84759773
120 Linear Feature 25
111  07.46296916  151.84434152 19
115  07.46296909  151.84441921
120 Linear Feature 25
111  07.46680588  151.84831441 19
115  07.46680581  151.84839211
120 Linear Feature 25
111  07.46374347  151.84513589 19
115  07.46374340  151.84521358
120 Linear Feature 25
111  07.46527047  151.84672895 19
115  07.46527040  151.84680664
120 Linear Feature 25
111  07.46220806  151.84355043 19
115  07.46220798  151.84362812
120 Linear Feature 25
111  07.46235929  151.84311747 19
115  07.46243596  151.84311895
120 Linear Feature 25
111  07.46221574  151.84296654 19
115  07.46229241  151.84296801
120 Linear Feature 25
111  07.46206394  151.84339987 19
115  07.46206387  151.84347756
120 Linear Feature 25
111  07.46192039  151.84324894 19
115  07.46192032  151.84332663
120 Linear Feature 25
111  07.46177416  151.84310277 19
115  07.46177408  151.84318046
120 Linear Feature 25
111  07.46206950  151.84282037 19
115  07.46214617  151.84282184
120 Linear Feature 25
111  07.46028516  151.84097559 19
115  07.46028683  151.84089437
120 Linear Feature 25
111  07.45971961  151.84037784 19
115  07.45972128  151.84029663
120 Linear Feature 25
111  07.45914203  151.83978454 19
115  07.45914370  151.83970333
120 Linear Feature 25
111  07.46191337  151.84266618 19
115  07.46191504  151.84258497
120 Linear Feature 25
111  07.45857073  151.83919540 19
115  07.45857240  151.83911418
120 Linear Feature 25
111  07.46143490  151.84216240 19
115  07.46143657  151.84208118
120 Linear Feature 25
111  07.45799695  151.83858891 19
115  07.45799862  151.83850769
120 Linear Feature 25
111  07.46086180  151.84157008 19
115  07.46086347  151.84148886
120 Linear Feature 25
111  07.45742385  151.83799659 19
115  07.45742552  151.83791538
120 Linear Feature 25
111  07.46009771  151.84078104 19
115  07.46009938  151.84069982
120 Linear Feature 25
111  07.45953216  151.84018329 19
115  07.45953383  151.84010208
120 Linear Feature 25
111  07.45895458  151.83958999 19
115  07.45895625  151.83950878
120 Linear Feature 25
111  07.46176683  151.84251764 19
115  07.46176850  151.84243643
120 Linear Feature 25
111  07.45838328  151.83900085 19
115  07.45838495  151.83891963
120 Linear Feature 25
111  07.46124745  151.84196784 19
115  07.46124912  151.84188663
120 Linear Feature 25
111  07.45780950  151.83839436 19
115  07.45781117  151.83831314
120 Linear Feature 25
111  07.46067435  151.84137552 19
115  07.46067602  151.84129431
120 Linear Feature 25
111  07.45723640  151.83780204 19
115  07.45723807  151.83772083
120 Linear Feature 25
111  07.45990323  151.84057986 19
115  07.45990489  151.84049864
120 Linear Feature 25
111  07.45933767  151.83998211 19
115  07.45933934  151.83990090
120 Linear Feature 25
111  07.46206225  151.84281614 19
115  07.46206392  151.84273492
120 Linear Feature 25
111  07.45876009  151.83938881 19
115  07.45876176  151.83930760
120 Linear Feature 25
111  07.46162674  151.84237316 19
115  07.46162841  151.84229195
120 Linear Feature 25
111  07.45818879  151.83879967 19
115  07.45819046  151.83871846
120 Linear Feature 25
111  07.46105297  151.84176666 19
115  07.46105463  151.84168545
120 Linear Feature 25
111  07.45761502  151.83819318 19
115  07.45761668  151.83811197
120 Linear Feature 25
111  07.46047987  151.84117434 19
115  07.46048153  151.84109313
120 Linear Feature 25
111  07.45704192  151.83760086 19
115  07.45704358  151.83751965
120 Linear Feature 25
111  07.45999051  151.84125781 19
115  07.45991501  151.84125795
120 Linear Feature 25
111  07.45942496  151.84066006 19
115  07.45934945  151.84066021
120 Linear Feature 25
111  07.46161871  151.84294840 19
115  07.46154321  151.84294855
120 Linear Feature 25
111  07.45827608  151.83947762 19
115  07.45820057  151.83947776
120 Linear Feature 25
111  07.46114025  151.84244462 19
115  07.46106475  151.84244476
120 Linear Feature 25
111  07.45770230  151.83887113 19
115  07.45762680  151.83887127
120 Linear Feature 25
111  07.46056715  151.84185230 19
115  07.46049165  151.84185244
120 Linear Feature 25
111  07.45712920  151.83827881 19
115  07.45705370  151.83827896
120 Linear Feature 25
111  07.45980306  151.84106326 19
115  07.45972756  151.84106340
120 Linear Feature 25
111  07.45865993  151.83987221 19
115  07.45858442  151.83987236
120 Linear Feature 25
111  07.46147217  151.84279986 19
115  07.46139667  151.84280001
120 Linear Feature 25
111  07.45808863  151.83928307 19
115  07.45801313  151.83928321
120 Linear Feature 25
111  07.46095280  151.84225007 19
115  07.46087730  151.84225021
120 Linear Feature 25
111  07.45751485  151.83867658 19
115  07.45743935  151.83867672
120 Linear Feature 25
111  07.46037970  151.84165775 19
115  07.46030420  151.84165789
120 Linear Feature 25
111  07.45694175  151.83808426 19
115  07.45686625  151.83808441
120 Linear Feature 25
111  07.45960857  151.84086208 19
115  07.45953307  151.84086222
120 Linear Feature 25
111  07.46176760  151.84309836 19
115  07.46169210  151.84309851
120 Linear Feature 25
111  07.45846544  151.83967103 19
115  07.45838994  151.83967118
120 Linear Feature 25
111  07.46133209  151.84265538 19
115  07.46125659  151.84265553
120 Linear Feature 25
111  07.45789414  151.83908189 19
115  07.45781864  151.83908203
120 Linear Feature 25
111  07.46075831  151.84204889 19
115  07.46068281  151.84204903
120 Linear Feature 25
111  07.45732036  151.83847540 19
115  07.45724486  151.83847554
120 Linear Feature 25
111  07.46018521  151.84145657 19
115  07.46010971  151.84145671
120 Linear Feature 25
111  07.45674726  151.83788308 19
115  07.45667176  151.83788323
120 Linear Feature 24
112  07.45582528  151.83722881  07.45582528  151.83722988 19
111  07.45587125  151.83727900 19
115  07.45583112  151.83731639
120 Linear Feature 23
111  07.45596209  151.83737070 19
115  07.45591949  151.83741004
120 Linear Feature 23
111  07.45605650  151.83746915 19
115  07.45601390  151.83750850
120 Linear Feature 23
111  07.45615256  151.83756809 19
115  07.45610997  151.83760744
120 Linear Feature 23
111  07.45624794  151.83766509 19
115  07.45620534  151.83770443
120 Linear Feature 22
111  07.45638376  151.83780267 19
111  07.45634528  151.83776166 19
115  07.45630166  151.83780329
120 Linear Feature 21
111  07.45644148  151.83770874 19
115  07.45645372  151.83776342
120 Linear Feature 20
111  07.45652849  151.83776695 19
115  07.45655035  151.83771227
120 Linear Feature 19
111  07.45697383  151.83715038 19
111  07.45693233  151.83719070 19
115  07.45697265  151.83723290
120 Linear Feature 18
111  07.45693339  151.83729943 19
115  07.45688105  151.83728624
120 Linear Feature 18
111  07.45664254  151.83776956 19
115  07.45659976  151.83780953
120 Linear Feature 18
111  07.45697824  151.83744655 19
115  07.45693546  151.83748652
120 Linear Feature 18
111  07.45693732  151.83737881 19
115  07.45688105  151.83738943
120 Linear Feature 18
111  07.45688153  151.83705244 19
115  07.45684043  151.83709345
120 Linear Feature 18
111  07.45678603  151.83695506 19
115  07.45674493  151.83699608
120 Linear Feature 18
111  07.45669080  151.83685725 19
115  07.45664970  151.83689826
120 Linear Feature 18
111  07.45659564  151.83675929 19
115  07.45655454  151.83680030
120 Linear Feature 17
111  07.45641819  151.83665857 19
111  07.45646454  151.83670796 19
115  07.45650827  151.83666695
120 Linear Feature 16
111  07.45671107  151.83755311 51
112  07.45673111  151.83736663  07.45680787  151.83730141 51
116  07.45668536  151.83704339  07.45657055  151.83692512
120 Linear Feature 16
111  07.45671080  151.83755311 51
112  07.45656138  151.83755098  07.45650103  151.83760866 51
116  07.45621637  151.83751588  07.45610686  151.83740382
120 Linear Feature 15
111  07.45664464  151.83777231 19
112  07.45649174  151.83770373  07.45639235  151.83770428 19
111  07.45634431  151.83776294 19
111  07.45587120  151.83727878 19
115  07.45631487  151.83684570
120 Linear Feature 15
111  07.45693781  151.83748849 19
112  07.45687377  151.83733627  07.45687227  151.83724375 19
111  07.45693279  151.83719028 19
111  07.45646441  151.83670758 19
115  07.45631487  151.83684570
120 Linear Feature 14
111  07.45720723  151.83804687 51
111  07.45681404  151.83764003 51
112  07.45676127  151.83738431  07.45675539  151.83725750 51
112  07.45673784  151.83713120  07.45672213  151.83708582 51
112  07.45668428  151.83704365  07.45665405  151.83701443 51
111  07.45658731  151.83694585 51
112  07.45632626  151.83694303  07.45621789  151.83703784 51
115  07.45631168  151.83714316
120 Linear Feature 14
111  07.45718833  151.83806545 51
111  07.45679514  151.83765861 51
112  07.45658265  151.83759289  07.45647494  151.83758302 51
112  07.45634543  151.83757203  07.45628124  151.83755777 51
112  07.45621659  151.83751532  07.45618511  151.83748484 51
111  07.45611962  151.83741753 51
112  07.45609777  151.83718137  07.45618786  151.83708920 51
115  07.45631158  151.83714274
120 Linear Feature 87
111  07.46686698  151.84846934 19
111  07.46690882  151.84842832 19
112  07.46696528  151.84857165  07.46696649  151.84866091 19
111  07.46690502  151.84872184 19
115  07.46686419  151.84876272
120 Linear Feature 86
111  07.46740676  151.84924833 19
115  07.46686291  151.84867881
120 Linear Feature 85
111  07.46751006  151.84906668 19
115  07.46732731  151.84924559
120 Linear Feature 84
111  07.46799629  151.84859950 19
115  07.46781825  151.84877345
120 Linear Feature 83
111  07.46745446  151.84811428 19
115  07.46799722  151.84868015
120 Linear Feature 82
111  07.46724271  151.84811227 19
111  07.46720041  151.84814931 19
112  07.46735033  151.84821152  07.46745290  151.84821877 19
115  07.46753298  151.84811660
120 Linear Feature 94
111  07.46664438  151.84784363 51
111  07.46702590  151.84824250 51
112  07.46730679  151.84832104  07.46750922  151.84833077 51
112  07.46763045  151.84840750  07.46768732  151.84846680 51
111  07.46773006  151.84851396 51
112  07.46771962  151.84875256  07.46760555  151.84885902 51
111  07.46753248  151.84878179 51
112  07.46749500  151.84897055  07.46738828  151.84906856 51
111  07.46726584  151.84898315 51
111  07.46713811  151.84885595 51
112  07.46708304  151.84865094  07.46707822  151.84851094 51
112  07.46705945  151.84838799  07.46704542  151.84832393 51
111  07.46700644  151.84825869 51
115  07.46662302  151.84785956
120 Linear Feature 93
112  07.46738504  151.84815104  07.46738504  151.84815195 19
115  07.46740073  151.84820621
120 Linear Feature 92
111  07.46730804  151.84814872 19
115  07.46729543  151.84820226
120 Linear Feature 91
111  07.46718399  151.84901492 19
115  07.46714289  151.84905543
120 Linear Feature 91
111  07.46727636  151.84911237 19
115  07.46723525  151.84915288
120 Linear Feature 91
111  07.46709208  151.84891786 19
115  07.46705098  151.84895837
120 Linear Feature 91
111  07.46699710  151.84881834 19
115  07.46695600  151.84885885
120 Linear Feature 91
111  07.46762826  151.84820989 19
115  07.46758716  151.84825040
120 Linear Feature 91
111  07.46771963  151.84830706 19
115  07.46767853  151.84834758
120 Linear Feature 91
111  07.46781220  151.84840238 19
115  07.46777110  151.84844289
120 Linear Feature 91
111  07.46790541  151.84850123 19
115  07.46786431  151.84854174
120 Linear Feature 89
112  07.46695656  151.84862977  07.46695462  151.84862977 19
115  07.46690310  151.84861180
120 Linear Feature 88
111  07.46695850  151.84852389 19
115  07.46690504  151.84853248
120 Linear Feature 4
111  07.46603785  151.84593791 24
111  07.46608006  151.84598442 24
115  07.46611205  151.84595502
120 Linear Feature 4
111  07.46603930  151.84593657 24
111  07.46608027  151.84598170 24
115  07.46611080  151.84595364
120 Linear Feature 4
111  07.46604029  151.84593566 24
111  07.46608008  151.84597949 24
115  07.46610963  151.84595234
120 Linear Feature 4
111  07.46604165  151.84593454 24
111  07.46608011  151.84597690 24
115  07.46610830  151.84595087
120 Linear Feature 3
111  07.46578046  151.84560172 24
111  07.46574805  151.84563532 24
115  07.46579284  151.84567925
120 Linear Feature 3
111  07.46578160  151.84560284 24
111  07.46575019  151.84563541 24
115  07.46579384  151.84567821
120 Linear Feature 3
111  07.46578293  151.84560415 24
111  07.46575282  151.84563537 24
115  07.46579514  151.84567686
120 Linear Feature 3
111  07.46578390  151.84560510 24
111  07.46575495  151.84563513 24
115  07.46579630  151.84567568
120 Marking_windsock
112  07.46602211  151.84571347  07.46595154  151.84563103 25
112  07.46578418  151.84576005  07.46574900  151.84586319 25
114  07.46594296  151.84594554  07.46604871  151.84592484 25
21  07.45835027  151.83858622 2 45.8100 3.00 04  PAPI-4L
21  07.46547376  151.84732400 2 227.0934 3.00 22  PAPI-4L
20  07.45847531  151.84038641 316.5399 0 3 {@R}04-22
20  07.45889346  151.84081932 316.5399 0 3 {@R}04-22
20  07.45853583  151.83994264 47.3716 0 2 {@Y}APRON{^r}
20  07.45932719  151.84077943 223.9178 0 2 {@Y,^l}APRON
20  07.46599118  151.84668899 45.2641 0 4 {@B}5{@@}1
20  07.46549897  151.84716823 45.2641 0 4 {@B}5{@@}1
20  07.46408925  151.84470224 45.2641 0 4 {@B}2{@@}4
20  07.46359232  151.84517942 45.2641 0 4 {@B}2{@@}4
20  07.46167077  151.84319612 45.2641 0 4 {@B}3{@@}3
20  07.46215994  151.84271965 45.2641 0 4 {@B}3{@@}3
20  07.46024788  151.84072795 45.2641 0 4 {@B}4{@@}2
20  07.45975359  151.84120988 45.2641 0 4 {@B}4{@@}2
20  07.45784060  151.83921982 45.2641 0 4 {@B}5{@@}1
20  07.45833605  151.83874361 45.2641 0 4 {@B}5{@@}1
14  07.45757392  151.84190681 114.83 0 Tower
15  07.45772954  151.84091066 -130.73 Ramp 1
15  07.45818122  151.84138320 226.33 Ramp 2
18  07.45945046  151.84183456 1 BCN
19  07.46591627  151.84580389 1 Windsock
1051 123600 CTAF
99
