I
1100 Generated by WorldEditor 2.1.0r1

1    175 0 0 PTRO Roman Tmetuchl Intl
1302 city Babelthuap Island
1302 country Palau
1302 datum_lat 7.367302778
1302 datum_lon 134.544277778
1302 faa_code 
1302 iata_code ROR
1302 icao_code PTRO
1302 region_code PT
1302 state Airai
1302 transition_alt 18000
1302 transition_level 18000
1302 flatten 1
100 46.02 1 0 0.00 0 2 0 09  07.36755023  134.53431023    0   62 2 0 0 1 27  07.36709561  134.55418884    0   59 2 0 0 1
110 2 0.00 0.0000 New Taxiway 23
111  07.36919807  134.53730029
111  07.36919266  134.53756898
111  07.36951899  134.53757516
113  07.36952981  134.53730974
110 2 0.00 0.0000 New Taxiway 22
111  07.36921069  134.53676073
111  07.36921250  134.53704433
111  07.36953522  134.53704615
113  07.36954243  134.53676255
110 2 0.00 0.0000 New Taxiway 21
111  07.36922404  134.53621063
111  07.36921502  134.53649423
111  07.36955577  134.53649604
113  07.36956118  134.53621608
110 2 0.00 0.0000 New Taxiway 20
111  07.36923637  134.53567232
111  07.36923498  134.53594900
111  07.36956876  134.53595071
113  07.36957014  134.53567402
110 1 0.00 0.0000 New Taxiway 15
111  07.36771003  134.53595997
112  07.36772054  134.53593865  07.36772747  134.53592526
111  07.36772054  134.53593865
112  07.36772054  134.53593865  07.36775928  134.53586384 1
112  07.36811650  134.53562720  07.36832994  134.53563619
111  07.36811650  134.53562720
112  07.36811650  134.53562720  07.36844703  134.53564386 1
111  07.36850944  134.53598173 1
112  07.36847427  134.53721468  07.36848148  134.53740920
111  07.36847427  134.53721468
112  07.36847427  134.53721468  07.36841116  134.53754736 1
112  07.36807138  134.53755741  07.36799746  134.53755196
111  07.36807138  134.53755741
112  07.36807138  134.53755741  07.36791453  134.53755923 1
111  07.36777214  134.53736067 1
111  07.36769018  134.53723949
111  07.36767977  134.53722353
111  07.36765882  134.53816102
112  07.36767121  134.53808190  07.36768184  134.53803660
111  07.36767121  134.53808190
112  07.36767121  134.53808190  07.36768079  134.53804107 1
112  07.36772678  134.53794785  07.36775598  134.53790476
111  07.36772678  134.53794785
112  07.36772678  134.53794785  07.36778692  134.53785548 1
111  07.36793240  134.53778450 1
111  07.36815377  134.53777625 1
111  07.36888725  134.53779528 1
111  07.36892267  134.53779620 1
111  07.36895255  134.53779697 1
111  07.36982802  134.53781968 1
111  07.36990034  134.53544644 1
111  07.36900660  134.53542493 1
111  07.36897540  134.53542418 1
111  07.36893819  134.53542329 1
111  07.36805185  134.53540194
112  07.36805185  134.53540194  07.36792024  134.53539285 1
112  07.36781303  134.53523440  07.36776714  134.53518813 1
113  07.36773774  134.53504330
111  07.36956876  134.53595071 1
111  07.36923498  134.53594900 1
111  07.36923637  134.53567232 1
113  07.36957014  134.53567402 1
111  07.36956118  134.53621608 1
111  07.36955577  134.53649604 1
111  07.36921502  134.53649423 1
113  07.36922404  134.53621063 1
111  07.36953522  134.53704615 1
111  07.36921250  134.53704433 1
111  07.36921069  134.53676073 1
113  07.36954243  134.53676255 1
111  07.36952981  134.53730974 1
111  07.36951899  134.53757516 1
111  07.36919266  134.53756898 1
113  07.36919807  134.53730029 1
110 2 0.00 0.0000 New Taxiway 14
111  07.36485157  134.53328019
111  07.36484156  134.53370310
111  07.36525097  134.53370563
113  07.36525848  134.53329155
110 2 0.00 0.0000 New Taxiway 13
111  07.36491543  134.53275501
111  07.36490165  134.53316531
111  07.36526474  134.53317541
113  07.36527476  134.53276006
110 2 0.00 0.0000 New Taxiway 12
111  07.36493045  134.53219197
111  07.36492169  134.53253156
111  07.36527851  134.53252525
113  07.36528352  134.53219828
110 2 0.00 0.0000 New Taxiway 11
111  07.36554895  134.53201523
111  07.36554269  134.53228791
111  07.36578934  134.53228918
113  07.36579560  134.53201902
110 1 0.00 0.0000 Apron
111  07.36734999  134.53430612
111  07.36734312  134.53430573 1 102
112  07.36718542  134.53429617  07.36714123  134.53429471 1 102
112  07.36703463  134.53422919  07.36695700  134.53417238
111  07.36703463  134.53422919
112  07.36703463  134.53422919  07.36696076  134.53416229 1 102
111  07.36588130  134.53328172 1 102
112  07.36581369  134.53308326  07.36581519  134.53299237 1 102
111  07.36583679  134.53199409
111  07.36480106  134.53196374 24
111  07.36479862  134.53207026 24
111  07.36475899  134.53380133 1
112  07.36507700  134.53381219  07.36510580  134.53381093
111  07.36507700  134.53381219
112  07.36507700  134.53381219  07.36510819  134.53381461 1
112  07.36529756  134.53371290  07.36538049  134.53367000
111  07.36529756  134.53371290
112  07.36529756  134.53371290  07.36534448  134.53368863 1
112  07.36539782  134.53366935  07.36541178  134.53366925
111  07.36539782  134.53366935
112  07.36539782  134.53366935  07.36543645  134.53366907 1 102
112  07.36599248  134.53369075  07.36603755  134.53369226 1 102
112  07.36621033  134.53381345  07.36630648  134.53389072 1 102
111  07.36700814  134.53448987 1 102
112  07.36728993  134.53475239  07.36729894  134.53477175
111  07.36728993  134.53475239
112  07.36728993  134.53475239  07.36731746  134.53481156 1 102
113  07.36732971  134.53487149
111  07.36578934  134.53228918
111  07.36554269  134.53228791
111  07.36554895  134.53201523
113  07.36579560  134.53201902
111  07.36528352  134.53219828
111  07.36527851  134.53252525
111  07.36492169  134.53253156
113  07.36493045  134.53219197
111  07.36527476  134.53276006
111  07.36526474  134.53317541
111  07.36490165  134.53316531
113  07.36491543  134.53275501
111  07.36525848  134.53329155
111  07.36525097  134.53370563
111  07.36484156  134.53370310
113  07.36485157  134.53328019
110 1 0.00 91.3000 27 Turning Bay
111  07.36692261  134.55280987 102
111  07.36691980  134.55281463 102
111  07.36664397  134.55328230 102
111  07.36661166  134.55416993 102
111  07.36688871  134.55417347 102
113  07.36689137  134.55417350 102
110 1 0.00 0.0000 New Taxiway 54
111  07.36838535  134.54067362
111  07.36851993  134.54067335
111  07.36852110  134.54097631
111  07.36898883  134.54096307
111  07.36898916  134.54049534
111  07.36918002  134.54049752
111  07.36917098  134.54023318
111  07.36901593  134.54023619
111  07.36901401  134.54012952
111  07.36861974  134.54012823
111  07.36861988  134.54016387
111  07.36849310  134.54016444
111  07.36849464  134.54056184
111  07.36839056  134.54056526
111  07.36768579  134.54056675
113  07.36768395  134.54067325
110 1 0.25 0.0000 asphalt_1D.pol
111  07.36773774  134.53504330
112  07.36781303  134.53523440  07.36785891  134.53528067
111  07.36781303  134.53523440
111  07.36783060  134.53431333
113  07.36775778  134.53431379
110 1 0.25 0.0000 asphalt_1D.pol
111  07.36772055  134.53593867
111  07.36769026  134.53723962
111  07.36777214  134.53736067
114  07.36778724  134.53583016  07.36777955  134.53583580
110 1 0.25 0.0000 asphalt_1D.pol
112  07.36767118  134.53808217  07.36764657  134.53817528
111  07.36767118  134.53808217
112  07.36767118  134.53808217  07.36767050  134.53810137
111  07.36730263  134.55419355
111  07.36737725  134.55419337
111  07.36774802  134.53792190
112  07.36772678  134.53794785  07.36771108  134.53797207
111  07.36772678  134.53794785
114  07.36772678  134.53794785  07.36770485  134.53798966
110 1 0.25 0.0000 asphalt_1D.pol
111  07.36688381  134.55161119
111  07.36652141  134.55160864
111  07.36652141  134.55163786
113  07.36688308  134.55164334
110 1 0.25 0.0000 asphalt_1D.pol
111  07.36685525  134.55278367
111  07.36656163  134.55325573
111  07.36655028  134.55424062
111  07.36688707  134.55424741
111  07.36688871  134.55417347
111  07.36661166  134.55416993
111  07.36664397  134.55328230
111  07.36691980  134.55281463
111  07.36733020  134.53487157
111  07.36731031  134.53480786
113  07.36726466  134.53481556
110 1 0.25 0.0000 asphalt_1D.pol
111  07.36726466  134.53481556
111  07.36731031  134.53480786
112  07.36728993  134.53475239  07.36726710  134.53470283
111  07.36728993  134.53475239
112  07.36728993  134.53475239  07.36727181  134.53470198
111  07.36621033  134.53381345
112  07.36621033  134.53381345  07.36611417  134.53373619
112  07.36599248  134.53369075  07.36594741  134.53368923
111  07.36599248  134.53369075
111  07.36539782  134.53366935
111  07.36529756  134.53371290
112  07.36599487  134.53371803  07.36603763  134.53372462
111  07.36618587  134.53384514
111  07.36685854  134.53445023
113  07.36690129  134.53448869
110 1 0.25 0.0000 asphalt_1D.pol
111  07.36734415  134.53425918
111  07.36715487  134.53424882
112  07.36715487  134.53424882  07.36705888  134.53423304
111  07.36599170  134.53325270
112  07.36587170  134.53294729  07.36586869  134.53278065
111  07.36587048  134.53199393
111  07.36583679  134.53199409
112  07.36581369  134.53308326  07.36581219  134.53317416
111  07.36588130  134.53328172
111  07.36703450  134.53422783
112  07.36718542  134.53429617  07.36722750  134.53428701
111  07.36718542  134.53429617
112  07.36718542  134.53429617  07.36721816  134.53429746
113  07.36734312  134.53430573
110 2 0.25 0.0000 concrete_1L.pol
111  07.36690129  134.53448869
111  07.36685854  134.53445023
111  07.36647356  134.55142347
112  07.36645554  134.55151437  07.36643452  134.55156478
111  07.36645554  134.55151437
112  07.36645554  134.55151437  07.36645191  134.55156039
112  07.36645373  134.55173797  07.36645373  134.55175023
112  07.36646635  134.55177796  07.36646635  134.55179826
112  07.36639921  134.55470461  07.36640798  134.55480182
111  07.36648021  134.55484912
112  07.36665779  134.55490880  07.36676797  134.55490880
112  07.36761423  134.55471718  07.36772566  134.55468057
111  07.36772950  134.55450357
112  07.36785100  134.55150673  07.36785824  134.55142271
111  07.36799431  134.55125856
112  07.36832766  134.55096013  07.36840128  134.55089499
111  07.36836505  134.55066485
111  07.36816254  134.54967532
112  07.36790962  134.54906495  07.36787506  134.54893921
112  07.36793758  134.54733699  07.36793903  134.54728950
112  07.36820616  134.54706172  07.36823297  134.54703615
112  07.36825376  134.54691503  07.36825666  134.54683539
111  07.36822797  134.54654968
112  07.36800677  134.54620413  07.36799228  134.54614057
111  07.36799743  134.54609104
112  07.36809089  134.54083557  07.36810216  134.54072574
112  07.36834035  134.54046749  07.36835537  134.54042835
111  07.36834035  134.54046749
112  07.36834035  134.54046749  07.36834709  134.54044992
112  07.36835226  134.53969530  07.36836875  134.53930099
111  07.36835226  134.53969530
112  07.36835226  134.53969530  07.36837251  134.53921097
111  07.36840787  134.53867269
111  07.36837519  134.53867924
111  07.36830992  134.53967781
111  07.36830357  134.54037587
112  07.36824948  134.54049803  07.36818437  134.54057504
112  07.36805260  134.54076635  07.36803382  134.54081306
112  07.36794429  134.54609536  07.36794647  134.54622686
111  07.36799405  134.54627861
112  07.36818660  134.54659710  07.36819168  134.54665847
111  07.36821257  134.54695051
112  07.36813901  134.54706831  07.36808611  134.54711141
112  07.36790319  134.54731482  07.36788942  134.54735792
112  07.36785707  134.54903258  07.36784505  134.54917953
111  07.36785707  134.54903258
112  07.36785707  134.54903258  07.36785131  134.54915984
111  07.36811064  134.54973502
111  07.36831833  134.55075334
112  07.36827160  134.55096015  07.36821150  134.55101771
111  07.36792112  134.55125857
112  07.36780948  134.55150465  07.36779644  134.55164565
111  07.36768171  134.55456349
112  07.36759919  134.55466956  07.36755537  134.55468345
111  07.36759919  134.55466956
112  07.36759919  134.55466956  07.36757713  134.55467655
112  07.36714140  134.55477730  07.36692327  134.55482067
111  07.36714140  134.55477730
112  07.36714140  134.55477730  07.36692632  134.55482007
112  07.36668148  134.55485136  07.36665227  134.55485386
111  07.36668148  134.55485136
112  07.36668148  134.55485136  07.36662264  134.55485641
112  07.36651139  134.55481877  07.36645004  134.55475944
111  07.36644481  134.55469583
112  07.36650620  134.55183973  07.36650932  134.55178187
111  07.36648283  134.55168790
112  07.36648023  134.55150203  07.36648828  134.55149087
113  07.36652697  134.55145491
110 1 0.25 0.0000 asphalt_2D.pol
111  07.36979406  134.53426264
111  07.36948336  134.53451436
112  07.36921942  134.53516008  07.36920211  134.53534333
111  07.36921509  134.53543495
111  07.36930596  134.53544804
111  07.36929947  134.53515790
111  07.36954827  134.53460816
113  07.36989124  134.53437490
110 1 0.25 0.0000 asphalt_1D.pol
111  07.36777649  134.53704405
111  07.36814162  134.53706701
111  07.36814182  134.53703249
113  07.36777698  134.53701328
110 1 0.25 0.0000 asphalt_1D.pol
111  07.36897915  134.54075087
112  07.36908056  134.54075941  07.36912661  134.54076661
111  07.36918205  134.54082147
111  07.36923841  134.54073496
112  07.36909374  134.54070075  07.36904704  134.54069421
113  07.36897861  134.54070204
110 1 0.25 0.0000 asphalt_2L.pol
111  07.36839056  134.54056526
111  07.36838535  134.54067362
111  07.36851993  134.54067335
111  07.36852110  134.54097631
111  07.36898883  134.54096307
111  07.36898916  134.54049534
111  07.36918002  134.54049752
111  07.36917098  134.54023318
111  07.36901593  134.54023619
111  07.36901401  134.54012952
111  07.36861974  134.54012823
111  07.36861988  134.54016387
111  07.36849310  134.54016444
113  07.36849464  134.54056184
110 1 0.25 45.0000 safety_area_white.pol
111  07.36470447  134.53239391
111  07.36470463  134.53245230
111  07.36481502  134.53245300
113  07.36486208  134.53239374
110 1 0.25 0.0000 asphalt_1D.pol
111  07.36352564  134.53237260
111  07.36356413  134.53364303
111  07.36402188  134.53381634
111  07.36475899  134.53380133
111  07.36480106  134.53196374
111  07.36421353  134.53196886
113  07.36417901  134.53200112
130 Boundry
111  07.36836579  134.53363580
111  07.36760010  134.53352303
111  07.36686021  134.53345363
111  07.36610312  134.53198758
111  07.36564714  134.53181408
111  07.36410715  134.53175335
111  07.36369419  134.53211770
111  07.36346190  134.53253409
111  07.36344469  134.53373122
111  07.36452871  134.53389605
111  07.36588804  134.53394810
111  07.36683440  134.53476353
111  07.36629271  134.55474709
111  07.36675017  134.55493739
111  07.36786688  134.55486105
111  07.36783849  134.55401178
111  07.36808641  134.54851816
111  07.36843128  134.54733178
111  07.36828928  134.54579768
111  07.36835014  134.54375221
111  07.36879881  134.54149190
111  07.36928797  134.54058287
111  07.36935210  134.54014937
111  07.36882929  134.53946332
111  07.37013182  134.53775751
113  07.37019773  134.53526072
120 Linear Feature 42
111  07.36926802  134.53688582 1 101
111  07.36926826  134.53690606 1 101
115  07.36926802  134.53692804
120 Linear Feature 41
111  07.36927892  134.53632528 1 101
111  07.36927892  134.53635340 1 101
115  07.36927893  134.53638051
120 Linear Feature 32
111  07.36793780  134.53552376 1 101
116  07.36774025  134.53542704  07.36772069  134.53539124
120 Linear Feature 31
111  07.36793780  134.53552376 1 101
116  07.36753536  134.53590034  07.36747651  134.53623993
120 Linear Feature 40
111  07.36928953  134.53577165 1 101
111  07.36928953  134.53580804 1 101
115  07.36928953  134.53584950
120 Linear Feature 39
111  07.36858316  134.53742416 1 101
115  07.36925204  134.53743144
120 Linear Feature 38
111  07.36859758  134.53689333 1 101
115  07.36926826  134.53690606
120 Linear Feature 37
111  07.36860660  134.53635159 1 101
115  07.36927892  134.53635340
120 Linear Feature 36
111  07.36861903  134.53580024 1 101
115  07.36928953  134.53580804
120 Linear Feature 30
111  07.36790422  134.53766297 1 101
112  07.36843215  134.53767350  07.36853131  134.53766744 1 101
111  07.36858135  134.53750938 1 101
111  07.36858317  134.53742521 1 101
111  07.36859464  134.53689388 1 101
111  07.36860633  134.53635261 1 101
111  07.36861825  134.53580019 1 101
111  07.36862021  134.53570951
112  07.36862021  134.53570951  07.36861865  134.53565888 1 101
112  07.36844970  134.53553551  07.36834302  134.53552793 1 101
115  07.36793780  134.53552376
120 Linear Feature 43
111  07.36925205  134.53741299 1 101
111  07.36925204  134.53743144 1 101
115  07.36925196  134.53745027
120 Linear Feature 35
111  07.36690008  134.55410504 1 101
112  07.36672094  134.55400294  07.36672274  134.55394113 1 101
112  07.36674690  134.55337991  07.36676673  134.55323629 1 101
112  07.36709902  134.55275133  07.36710687  134.55272576 1 101
115  07.36710934  134.55268699
120 Linear Feature 34
111  07.36790422  134.53766297 1 101
116  07.36751909  134.53794437  07.36741993  134.53821706
120 Linear Feature 33
111  07.36790422  134.53766297 1 101
116  07.36752631  134.53734264  07.36743436  134.53709359
120 Linear Feature 45
111  07.36815431  134.53777644 4 103
115  07.36815464  134.53755640
120 Linear Feature 44
111  07.36820607  134.53563945 4 103
115  07.36820849  134.53540628
120 Linear Feature 46
111  07.36572345  134.53229301 1
111  07.36571204  134.53313004
112  07.36571204  134.53313004  07.36571446  134.53320675 1 101
112  07.36584452  134.53338857  07.36589877  134.53343802
111  07.36584452  134.53338857 1 101
111  07.36733300  134.53459930
112  07.36733300  134.53459930  07.36753457  134.53476594 1 101
111  07.36752459  134.53488117 1 101
115  07.36751802  134.53529678
120 Linear Feature 50
111  07.36556563  134.53341659 1 101
115  07.36485889  134.53340750
120 Linear Feature 49
111  07.36557104  134.53233130 1 101
115  07.36493100  134.53231858
120 Linear Feature 48
111  07.36556022  134.53289304 1 101
115  07.36491478  134.53288577
120 Linear Feature 47
111  07.36693699  134.53414685 4 103
115  07.36679993  134.53430819
120 Linear Feature 58
111  07.36815015  134.54685204 24 101
111  07.36815052  134.54682108 24 101
115  07.36812657  134.54682092
120 Linear Feature 57
112  07.36799578  134.54701462  07.36800073  134.54693416 25 101
112  07.36814923  134.54687798  07.36822902  134.54688298 25 101
112  07.36828474  134.54703272  07.36827978  134.54711317 25 101
114  07.36813128  134.54716935  07.36805149  134.54716435 25 101
120 Linear Feature 198
111  07.36732151  134.53512344 19
115  07.36727474  134.53507627
120 Linear Feature 197
111  07.36731632  134.53539721 19
115  07.36727099  134.53535100
120 Linear Feature 196
111  07.36730926  134.53567494 19
115  07.36726423  134.53562528
120 Linear Feature 195
111  07.36730436  134.53594957 19
115  07.36725504  134.53589984
120 Linear Feature 194
111  07.36729588  134.53622397 19
115  07.36725146  134.53617491
120 Linear Feature 193
111  07.36729179  134.53650453 19
115  07.36724356  134.53645005
120 Linear Feature 192
111  07.36728454  134.53677547 19
115  07.36723812  134.53672867
120 Linear Feature 191
111  07.36727993  134.53705564 19
115  07.36722719  134.53700246
120 Linear Feature 190
111  07.36727305  134.53732855 19
115  07.36721909  134.53727414
120 Linear Feature 189
111  07.36726478  134.53760716 19
115  07.36721735  134.53755495
120 Linear Feature 188
111  07.36725956  134.53788095 19
115  07.36721126  134.53782830
120 Linear Feature 187
111  07.36725260  134.53815782 19
115  07.36720386  134.53810604
120 Linear Feature 186
111  07.36724738  134.53843248 19
115  07.36720082  134.53838773
120 Linear Feature 185
111  07.36723975  134.53870765 19
115  07.36719014  134.53865661
120 Linear Feature 184
111  07.36723413  134.53898583 19
115  07.36718578  134.53893251
120 Linear Feature 183
111  07.36722825  134.53926228 19
115  07.36717864  134.53921226
120 Linear Feature 182
111  07.36722066  134.53953810 19
115  07.36717473  134.53948721
120 Linear Feature 181
111  07.36721729  134.53981319 19
115  07.36716725  134.53976273
120 Linear Feature 180
111  07.36720938  134.54009167 19
115  07.36716002  134.54003733
120 Linear Feature 179
111  07.36720234  134.54036516 19
115  07.36715366  134.54031818
120 Linear Feature 178
111  07.36719745  134.54063933 19
115  07.36714860  134.54059134
120 Linear Feature 177
111  07.36719031  134.54091836 19
115  07.36714309  134.54087012
120 Linear Feature 176
111  07.36718427  134.54119267 19
115  07.36713749  134.54114623
120 Linear Feature 175
111  07.36717950  134.54147017 19
115  07.36712713  134.54141811
120 Linear Feature 174
111  07.36717201  134.54174722 19
115  07.36712366  134.54169725
120 Linear Feature 173
111  07.36716463  134.54202116 19
115  07.36711711  134.54197062
120 Linear Feature 172
111  07.36715973  134.54229696 19
115  07.36711315  134.54225024
120 Linear Feature 171
111  07.36715375  134.54257938 19
115  07.36710565  134.54252707
120 Linear Feature 170
111  07.36714821  134.54285386 19
115  07.36709658  134.54279850
120 Linear Feature 169
111  07.36714090  134.54312809 19
115  07.36709079  134.54307553
120 Linear Feature 168
111  07.36713461  134.54340181 19
115  07.36708525  134.54335407
120 Linear Feature 167
111  07.36712781  134.54368111 19
115  07.36707971  134.54363236
120 Linear Feature 166
111  07.36712151  134.54395432 19
115  07.36707543  134.54390608
120 Linear Feature 165
111  07.36711622  134.54423059 19
115  07.36707014  134.54418158
120 Linear Feature 164
111  07.36711748  134.54425191 19
115  07.36706687  134.54429838
120 Linear Feature 163
111  07.36710890  134.54452464 19
115  07.36705791  134.54457775
120 Linear Feature 162
111  07.36710176  134.54480543 19
115  07.36705308  134.54485135
120 Linear Feature 161
111  07.36709589  134.54508135 19
115  07.36704762  134.54512938
120 Linear Feature 160
111  07.36709085  134.54535410 19
115  07.36703671  134.54540488
120 Linear Feature 159
111  07.36708372  134.54563086 19
115  07.36703125  134.54568186
120 Linear Feature 158
111  07.36707648  134.54590803 19
115  07.36702611  134.54595543
120 Linear Feature 157
111  07.36707165  134.54618332 19
115  07.36702024  134.54622902
120 Linear Feature 156
111  07.36706431  134.54645860 19
115  07.36701499  134.54650790
120 Linear Feature 155
111  07.36705822  134.54673452 19
115  07.36700933  134.54678213
120 Linear Feature 154
111  07.36705131  134.54700858 19
115  07.36699954  134.54706042
120 Linear Feature 153
111  07.36704580  134.54728698 19
115  07.36699481  134.54733438
120 Linear Feature 81
111  07.36755804  134.54313724 19
115  07.36761138  134.54308831
120 Linear Feature 80
111  07.36756656  134.54286319 19
115  07.36761412  134.54281593
120 Linear Feature 79
111  07.36757316  134.54258434 19
115  07.36762422  134.54253867
120 Linear Feature 78
111  07.36757788  134.54231191 19
115  07.36762947  134.54226395
120 Linear Feature 77
111  07.36758476  134.54203316 19
115  07.36763474  134.54198614
120 Linear Feature 76
111  07.36759104  134.54175420 19
115  07.36764309  134.54170786
120 Linear Feature 75
111  07.36760280  134.54120682 19
115  07.36765358  134.54115900
120 Linear Feature 74
111  07.36760867  134.54092858 19
115  07.36766302  134.54088033
120 Linear Feature 73
111  07.36761600  134.54065750 19
115  07.36766514  134.54060724
120 Linear Feature 72
111  07.36762244  134.54037671 19
115  07.36767228  134.54032984
120 Linear Feature 71
111  07.36762906  134.54010312 19
115  07.36767977  134.54005322
120 Linear Feature 70
111  07.36763458  134.53982792 19
115  07.36768459  134.53977837
120 Linear Feature 69
111  07.36764176  134.53954911 19
115  07.36769136  134.53950366
120 Linear Feature 68
111  07.36764629  134.53927463 19
115  07.36769867  134.53922740
120 Linear Feature 67
111  07.36765409  134.53899481 19
115  07.36770672  134.53895088
120 Linear Feature 66
111  07.36766032  134.53872301 19
115  07.36771144  134.53867464
120 Linear Feature 65
111  07.36766441  134.53844563 19
115  07.36771994  134.53839361
120 Linear Feature 64
111  07.36769677  134.53706745 19
115  07.36774965  134.53701963
120 Linear Feature 63
111  07.36770284  134.53679029 19
115  07.36775793  134.53674391
120 Linear Feature 62
111  07.36771234  134.53650927 19
115  07.36776399  134.53646507
120 Linear Feature 61
111  07.36771595  134.53624014 19
115  07.36776963  134.53619042
120 Linear Feature 60
111  07.36774559  134.53486340 19
115  07.36780315  134.53481035
120 Linear Feature 217
111  07.36485908  134.53339703 1 101
111  07.36485889  134.53340750 1 101
115  07.36485899  134.53341911
120 Linear Feature 216
111  07.36491470  134.53289900 1 101
111  07.36491478  134.53288577 1 101
115  07.36491461  134.53287367
120 Linear Feature 218
111  07.36493099  134.53230809 1
111  07.36493100  134.53231858 1
115  07.36493103  134.53232877
120 Linear Feature 236
111  07.36486208  134.53239374 24
111  07.36481502  134.53245300 24
111  07.36470463  134.53245230 24
113  07.36470447  134.53239391 24
120 Linear Feature 4
111  07.36900660  134.53542493 20
115  07.36895255  134.53779697
120 Linear Feature 3
111  07.36897540  134.53542418 22
115  07.36892267  134.53779620
120 Linear Feature 2
111  07.36893773  134.53542274 20
115  07.36888725  134.53779528
120 Linear Feature 59
111  07.36775383  134.53458304 19
115  07.36780741  134.53452896
120 Linear Feature 152
111  07.36703377  134.54783727 19
115  07.36698424  134.54788657
120 Linear Feature 151
111  07.36702684  134.54811213 19
115  07.36697354  134.54816587
120 Linear Feature 150
111  07.36702034  134.54839122 19
115  07.36696788  134.54843883
120 Linear Feature 149
111  07.36701404  134.54866715 19
115  07.36696158  134.54871687
120 Linear Feature 148
111  07.36700817  134.54894285 19
115  07.36695235  134.54899152
120 Linear Feature 147
111  07.36700237  134.54921799 19
115  07.36694722  134.54927106
120 Linear Feature 146
111  07.36699683  134.54949375 19
115  07.36694117  134.54954427
120 Linear Feature 145
111  07.36698978  134.54977077 19
115  07.36693563  134.54981850
120 Linear Feature 144
111  07.36698222  134.55004550 19
115  07.36693160  134.55009502
120 Linear Feature 143
111  07.36697415  134.55032210 19
115  07.36692404  134.55037009
120 Linear Feature 142
111  07.36696785  134.55059836 19
115  07.36691472  134.55064889
120 Linear Feature 141
111  07.36696206  134.55087640 19
115  07.36690943  134.55092439
120 Linear Feature 140
111  07.36695677  134.55115012 19
115  07.36690515  134.55120090
120 Linear Feature 139
111  07.36695098  134.55142638 19
115  07.36689835  134.55147538
120 Linear Feature 138
111  07.36694418  134.55170594 19
115  07.36689306  134.55175164
120 Linear Feature 137
111  07.36693789  134.55197814 19
115  07.36688677  134.55202892
120 Linear Feature 136
111  07.36693205  134.55225262 19 101
115  07.36687679  134.55230658
120 Linear Feature 135
111  07.36692648  134.55253209 19 101
115  07.36687354  134.55258035
120 Linear Feature 134
111  07.36692013  134.55280500 19
115  07.36686750  134.55285477
120 Linear Feature 133
111  07.36685551  134.55291984 19
115  07.36680473  134.55289191
120 Linear Feature 132
111  07.36678472  134.55304282 19
115  07.36673418  134.55300949
120 Linear Feature 131
111  07.36671344  134.55316161 19
115  07.36666454  134.55312796
120 Linear Feature 130
111  07.36664424  134.55328208 19
115  07.36659545  134.55324823
120 Linear Feature 129
111  07.36664368  134.55328185 19
115  07.36657863  134.55328228
120 Linear Feature 128
111  07.36663798  134.55342036 19
115  07.36657981  134.55342010
120 Linear Feature 127
111  07.36663128  134.55362413 19
115  07.36657412  134.55362261
120 Linear Feature 126
111  07.36662379  134.55382840 19
115  07.36656871  134.55382751
120 Linear Feature 125
111  07.36661727  134.55402981 19
115  07.36656439  134.55402920
120 Linear Feature 124
111  07.36661166  134.55416993 19
115  07.36656344  134.55416911
120 Linear Feature 123
111  07.36661166  134.55416993 19
115  07.36661124  134.55422715
120 Linear Feature 122
111  07.36675448  134.55417301 19
115  07.36675508  134.55422744
120 Linear Feature 121
111  07.36730976  134.55391630 19
115  07.36735736  134.55396581
120 Linear Feature 120
111  07.36731496  134.55364307 19
115  07.36736587  134.55369265
120 Linear Feature 119
111  07.36732192  134.55336902 19
115  07.36737757  134.55342234
120 Linear Feature 118
111  07.36732821  134.55309276 19
115  07.36738311  134.55314558
120 Linear Feature 117
111  07.36733400  134.55281218 19
115  07.36738789  134.55286678
120 Linear Feature 116
111  07.36734055  134.55254126 19
115  07.36739343  134.55259179
120 Linear Feature 115
111  07.36734609  134.55226449 19
115  07.36739998  134.55231299
120 Linear Feature 114
111  07.36735365  134.55198366 19
115  07.36740376  134.55203825
120 Linear Feature 113
111  07.36735919  134.55170994 19
115  07.36740905  134.55175894
120 Linear Feature 112
111  07.36736548  134.55143190 19
115  07.36741761  134.55148573
120 Linear Feature 111
111  07.36737203  134.55115361 19
115  07.36742491  134.55121328
120 Linear Feature 110
111  07.36737807  134.55088116 19
115  07.36743549  134.55093905
120 Linear Feature 109
111  07.36738437  134.55060592 19
115  07.36744078  134.55066076
120 Linear Feature 108
111  07.36739117  134.55032813 19
115  07.36744506  134.55038095
120 Linear Feature 107
111  07.36739847  134.55004857 19
115  07.36745211  134.55010799
120 Linear Feature 106
111  07.36740325  134.54977510 19
115  07.36745639  134.54982766
120 Linear Feature 105
111  07.36740930  134.54950113 19
115  07.36746319  134.54955064
120 Linear Feature 104
111  07.36741660  134.54922512 19
115  07.36747351  134.54928124
120 Linear Feature 103
111  07.36742265  134.54895013 19
115  07.36747779  134.54900244
120 Linear Feature 102
111  07.36742944  134.54867133 19
115  07.36748358  134.54872872
120 Linear Feature 101
111  07.36743498  134.54839609 19
115  07.36749315  134.54845373
120 Linear Feature 100
111  07.36744229  134.54812288 19
115  07.36749945  134.54817671
120 Linear Feature 99
111  07.36744833  134.54784738 19
115  07.36750499  134.54790222
120 Linear Feature 98
111  07.36745387  134.54757264 19
115  07.36751078  134.54762266
120 Linear Feature 97
111  07.36746092  134.54729308 19
115  07.36751506  134.54734463
120 Linear Feature 96
111  07.36746697  134.54702139 19
115  07.36752161  134.54707116
120 Linear Feature 95
111  07.36747326  134.54674259 19
115  07.36753219  134.54679744
120 Linear Feature 94
111  07.36747956  134.54646938 19
115  07.36753269  134.54652042
120 Linear Feature 93
111  07.36748560  134.54619210 19
115  07.36754251  134.54624543
120 Linear Feature 92
111  07.36749265  134.54591534 19
115  07.36754855  134.54596866
120 Linear Feature 91
111  07.36749844  134.54564263 19
115  07.36755258  134.54569291
120 Linear Feature 90
111  07.36750524  134.54536459 19
115  07.36755787  134.54541411
120 Linear Feature 89
111  07.36751142  134.54508924 19
115  07.36756330  134.54513994
120 Linear Feature 88
111  07.36751873  134.54481171 19
115  07.36756804  134.54486122
120 Linear Feature 87
111  07.36752435  134.54453586 19
115  07.36757926  134.54458646
120 Linear Feature 86
111  07.36753051  134.54424826 19
115  07.36757919  134.54430822
120 Linear Feature 85
111  07.36753051  134.54424826 19
115  07.36758633  134.54419081
120 Linear Feature 84
111  07.36753946  134.54396958 19
115  07.36759061  134.54391727
120 Linear Feature 83
111  07.36754654  134.54369167 19
115  07.36759565  134.54364364
120 Linear Feature 82
111  07.36755232  134.54341403 19
115  07.36760137  134.54336990
21  07.36795711  134.53709290 2 91.3200 3.00 09  VASI
21  07.36668765  134.55157276 2 271.3300 3.00 27  VASI
14  07.36422738  134.53280321   9.84 0 Tower Viewpoint
1300  07.36924992  134.53743153   0.00 gate heavy|jets|turboprops|props|helos Gate 7
1301 D airline 
1300  07.36926239  134.53690641   0.00 gate heavy|jets|turboprops|props|helos Gate 6
1301 D airline 
1300  07.36928110  134.53635614   0.00 gate heavy|jets|turboprops|props|helos Gate 5
1301 D general_aviation 
1300  07.36928890  134.53580744   0.00 gate heavy|jets|turboprops|props|helos Gate 4
1301 D airline 
1300  07.36494583  134.53340800 -179.08 gate heavy|jets|turboprops Gate 3
1301 D airline 
1300  07.36500057  134.53288477 180.55 gate heavy|jets|turboprops Gate 2
1301 D airline 
1300  07.36500801  134.53231688 180.55 gate heavy|jets|turboprops Gate 1
1301 D airline 
1300  07.36491401  134.53201873  64.31 tie_down turboprops|props General Aviaton Ramp
1301 A general_aviation 
19  07.36813709  134.54700868 1 WS
1200 
1201  07.36584513  134.53338758 both 0 _stop
1201  07.36571343  134.53313329 both 1 _stop
1201  07.36572370  134.53229412 both 2 _start
1201  07.36844493  134.53766996 both 3 _stop
1201  07.36858391  134.53750721 both 4 _stop
1201  07.36862393  134.53570485 both 5 _stop
1201  07.36846522  134.53553939 both 6 _stop
1201  07.36686585  134.53421828 both 7 _start
1201  07.36816251  134.53767180 both 8 _start
1201  07.36821569  134.53552736 both 9 _start
1201  07.36710408  134.55418634 both 10 _stop
1201  07.36755281  134.53431078 both 11 _start
1201  07.36754145  134.53487966 both 12 _start
1201  07.36752274  134.53553365 both 13 _start
1201  07.36747238  134.53766630 both 14 _start
1202 0 7 twoway taxiway_C 
1202 1 0 twoway taxiway_C 
1202 2 1 twoway taxiway_C 
1202 11 12 twoway runway 09/27
1204 departure 09,27
1204 arrival 09,27
1204 ils 09,27
1202 3 8 twoway taxiway_C 
1202 4 3 twoway taxiway_C 
1202 5 4 twoway taxiway_C 
1202 6 5 twoway taxiway_C 
1202 9 6 twoway taxiway_C 
1202 7 12 twoway taxiway_C 
1204 departure 09,27
1204 arrival 09,27
1202 8 14 twoway taxiway_C 
1204 departure 09,27
1204 arrival 09,27
1202 9 13 twoway taxiway_C 
1204 departure 09,27
1204 arrival 09,27
1202 12 13 twoway runway 09/27
1204 departure 09,27
1204 arrival 09,27
1204 ils 09,27
1202 13 14 twoway runway 09/27
1204 departure 09,27
1204 arrival 09,27
1204 ils 09,27
1202 14 10 twoway runway 09/27
1204 departure 09,27
1204 arrival 09,27
1204 ils 09,27
99
