I
1100 Generated by WorldEditor 2.1.0r1

1     24 0 0 NCMR Mitiaro/Nukuroa
100 42.06 5 0 1.00 0 0 0 09 -19.84053276 -157.71041655    0    0 0 0 0 0 27 -19.84459075 -157.69639325    0    0 0 0 0 0
110 2 0.00 0.0000 Terminal Building
111 -19.84166130 -157.71120738
111 -19.84174448 -157.71120937
111 -19.84174794 -157.71104609
113 -19.84166475 -157.71104410
110 1 0.00 0.0000 Asphalt Pad
111 -19.84154429 -157.71140441
111 -19.84162786 -157.71140613
111 -19.84162964 -157.71130826
113 -19.84154607 -157.71130654
110 5 1.00 107.1000 Gravel Apron
111 -19.84041963 -157.71036329
112 -19.84105872 -157.71096140 -19.84110788 -157.71100786
112 -19.84125536 -157.71108335 -19.84127721 -157.71108916
111 -19.84132091 -157.71149564
111 -19.84161206 -157.71147891
112 -19.84170636 -157.71110074 -19.84167031 -157.71096660
112 -19.84153211 -157.71083885 -19.84151409 -157.71074303
111 -19.84143598 -157.70818798
111 -19.84154413 -157.70820075
111 -19.84181881 -157.70703883
113 -19.84171667 -157.70698134
111 -19.84096347 -157.71035563
111 -19.84107337 -157.70910585
111 -19.84119286 -157.70876408
113 -19.84108364 -157.71034982
110 4 0.00 0.0000 Dirt Road
111 -19.84180985 -157.71434331
112 -19.84172656 -157.71398018 -19.84169642 -157.71379288
112 -19.84171033 -157.71350700 -19.84171265 -157.71349961
112 -19.84177756 -157.71347743 -19.84179611 -157.71348236
112 -19.84187029 -157.71351439 -19.84191201 -157.71352672
112 -19.84197229 -157.71351439 -19.84199547 -157.71351439
112 -19.84206733 -157.71350700 -19.84207660 -157.71349961
111 -19.84206501 -157.71331724
112 -19.84198388 -157.71331477 -19.84196533 -157.71329999
112 -19.84185638 -157.71327534 -19.84181233 -157.71326055
112 -19.84177292 -157.71329506 -19.84174047 -157.71330984
111 -19.84171961 -157.71332709
112 -19.84170360 -157.71169639 -19.84170360 -157.71149924
112 -19.84177585 -157.71113704 -19.84179903 -157.71100150
112 -19.84170051 -157.71083309 -19.84165608 -157.71070782
112 -19.84159302 -157.71038365 -19.84158659 -157.71026214
111 -19.84158672 -157.71009083
111 -19.84162381 -157.71007851
112 -19.84164699 -157.70999225 -19.84164699 -157.70994789
112 -19.84169799 -157.70969898 -19.84171190 -157.70965462
112 -19.84170726 -157.70941557 -19.84170726 -157.70937614
112 -19.84165626 -157.70931946 -19.84162845 -157.70932192
112 -19.84160990 -157.70936135 -19.84159831 -157.70935149
112 -19.84160472 -157.70910880 -19.84161631 -157.70908908
112 -19.84172295 -157.70903733 -19.84177395 -157.70902501
111 -19.84191767 -157.70904719
111 -19.84192463 -157.70900036
112 -19.84177626 -157.70898065 -19.84166499 -157.70896093
111 -19.84162327 -157.70886975
112 -19.84161167 -157.70842861 -19.84161167 -157.70829060
112 -19.84177449 -157.70763651 -19.84190468 -157.70718936
112 -19.84289624 -157.70364564 -19.84307316 -157.70290038
112 -19.84404945 -157.69977073 -19.84417964 -157.69936261
112 -19.84498490 -157.69670003 -19.84506279 -157.69637176
112 -19.84492649 -157.69604053 -19.84488476 -157.69589562
112 -19.84485972 -157.69555552 -19.84485972 -157.69543131
112 -19.84493723 -157.69522912 -19.84495654 -157.69515313
112 -19.84504651 -157.69455371 -19.84506737 -157.69439106
111 -19.84525746 -157.69330914
111 -19.84523196 -157.69331406
112 -19.84515546 -157.69366156 -19.84512764 -157.69379464
112 -19.84500014 -157.69457589 -19.84497696 -157.69470898
111 -19.84494399 -157.69468477
111 -19.84489670 -157.69464041
111 -19.84486332 -157.69470548
112 -19.84494677 -157.69481490 -19.84498572 -157.69489179
112 -19.84488001 -157.69520823 -19.84480490 -157.69544778
112 -19.84439618 -157.69613072 -19.84426636 -157.69632788
112 -19.84412631 -157.69689224 -19.84408625 -157.69704839
111 -19.84352471 -157.69882475
112 -19.84325765 -157.69976874 -19.84319757 -157.69998522
112 -19.84286386 -157.70102157 -19.84283836 -157.70111275
112 -19.84281054 -157.70116943 -19.84279200 -157.70119654
112 -19.84266450 -157.70108564 -19.84259495 -157.70103635
111 -19.84247209 -157.70104375
111 -19.84247441 -157.70108071
112 -19.84254627 -157.70109057 -19.84260654 -157.70109550
112 -19.84274332 -157.70122365 -19.84278272 -157.70128280
111 -19.84275954 -157.70140109
112 -19.84230992 -157.70292265 -19.84220978 -157.70325979
112 -19.84126606 -157.70642741 -19.84113810 -157.70691538
112 -19.84029362 -157.70974573 -19.84010668 -157.71033128
112 -19.84049800 -157.71070338 -19.84060464 -157.71080688
112 -19.84103118 -157.71134413 -19.84113550 -157.71150432
112 -19.84131398 -157.71244321 -19.84136227 -157.71276359
112 -19.84133871 -157.71343658 -19.84133066 -157.71377886
112 -19.84156017 -157.71405776 -19.84163667 -157.71417112
113 -19.84173403 -157.71434856
111 -19.84173435 -157.71425769
112 -19.84143975 -157.71378191 -19.84139306 -157.71365698
112 -19.84138340 -157.71333352 -19.84137857 -157.71319147
112 -19.84137624 -157.71261653 -19.84133451 -157.71229122
112 -19.84124712 -157.71184523 -19.84121234 -157.71171995
112 -19.84101258 -157.71123219 -19.84087117 -157.71102272
112 -19.84050258 -157.71062101 -19.84040754 -157.71052736
112 -19.84027540 -157.71010594 -19.84029395 -157.70989893
112 -19.84051114 -157.70921677 -19.84055751 -157.70902454
112 -19.84123153 -157.70679387 -19.84142181 -157.70615509
112 -19.84247331 -157.70258397 -19.84266025 -157.70198066
112 -19.84336536 -157.69956255 -19.84346551 -157.69923463
112 -19.84397554 -157.69762457 -19.84413967 -157.69712773
112 -19.84427320 -157.69655400 -19.84432327 -157.69643274
112 -19.84448183 -157.69606307 -19.84457919 -157.69590633
112 -19.84479792 -157.69548929 -19.84483462 -157.69538044
111 -19.84486167 -157.69532293
112 -19.84487712 -157.69537017 -19.84484428 -157.69545437
112 -19.84482496 -157.69576244 -19.84485394 -157.69597192
112 -19.84498530 -157.69637446 -19.84498144 -157.69640937
112 -19.84490996 -157.69647715 -19.84490610 -157.69648125
111 -19.84492542 -157.69661475
111 -19.84497178 -157.69658394
112 -19.84458906 -157.69782454 -19.84443524 -157.69825892
112 -19.84394553 -157.69991458 -19.84384539 -157.70026237
112 -19.84285390 -157.70361328 -19.84275709 -157.70400010
112 -19.84189113 -157.70707470 -19.84175493 -157.70753037
112 -19.84157919 -157.70836615 -19.84157919 -157.70867963
111 -19.84155141 -157.71027449
111 -19.84149169 -157.71008619
111 -19.84148397 -157.71028540
111 -19.84152453 -157.71032236
112 -19.84157283 -157.71049077 -19.84158828 -157.71059140
112 -19.84167920 -157.71088918 -19.84171945 -157.71099700
111 -19.84172750 -157.71103294
111 -19.84164057 -157.71103123
111 -19.84161320 -157.71147853
112 -19.84168481 -157.71148401 -19.84164296 -157.71160724
112 -19.84164670 -157.71197723 -19.84165597 -157.71218425
114 -19.84165353 -157.71381471 -19.84167300 -157.71406313
130 Airport Boundary
111 -19.84091919 -157.71463415
111 -19.84101133 -157.71459157
111 -19.84123164 -157.71454046
111 -19.84143594 -157.71463841
111 -19.84150404 -157.71450214
111 -19.84141591 -157.71422533
111 -19.84151606 -157.71413164
111 -19.84160819 -157.71417423
111 -19.84170032 -157.71432754
111 -19.84182050 -157.71430624
111 -19.84176842 -157.71404647
111 -19.84172836 -157.71370153
111 -19.84176442 -157.71351415
111 -19.84210090 -157.71353970
111 -19.84211693 -157.71326290
111 -19.84176442 -157.71323309
111 -19.84173638 -157.71270503
111 -19.84172035 -157.71201940
111 -19.84173237 -157.71162336
111 -19.84178444 -157.71136784
111 -19.84183251 -157.71110807
111 -19.84178444 -157.71094625
111 -19.84168873 -157.71063927
111 -19.84164867 -157.71006437
111 -19.84171677 -157.70979608
111 -19.84175682 -157.70957463
111 -19.84172077 -157.70928079
111 -19.84165267 -157.70915729
111 -19.84164466 -157.70880383
111 -19.84166870 -157.70838224
111 -19.84181576 -157.70765863
111 -19.84203688 -157.70709139
111 -19.84221474 -157.70670301
111 -19.84227243 -157.70638617
111 -19.84233972 -157.70598757
111 -19.84252719 -157.70524147
111 -19.84290076 -157.70374157
111 -19.84343722 -157.70239245
111 -19.84378908 -157.70125796
111 -19.84421594 -157.69953477
111 -19.84490484 -157.69769052
111 -19.84541984 -157.69633944
111 -19.84563580 -157.69471461
111 -19.84566903 -157.69356663
111 -19.84556935 -157.69333703
111 -19.84540322 -157.69328405
111 -19.84527863 -157.69328405
111 -19.84517895 -157.69347832
111 -19.84502943 -157.69404348
111 -19.84487992 -157.69474993
111 -19.84478024 -157.69511198
111 -19.84458919 -157.69536807
111 -19.84445629 -157.69575662
111 -19.84428186 -157.69623347
111 -19.84411092 -157.69669172
111 -19.84389461 -157.69743272
111 -19.84350044 -157.69877674
111 -19.84329527 -157.69941491
111 -19.84320848 -157.69940426
111 -19.84305826 -157.69946814
111 -19.84299483 -157.69971656
111 -19.84281457 -157.69988691
111 -19.84270441 -157.70014597
111 -19.84248823 -157.70093172
111 -19.84249491 -157.70119433
111 -19.84239477 -157.70140017
111 -19.84224789 -157.70165568
111 -19.84219114 -157.70192185
111 -19.84212104 -157.70205315
111 -19.84198083 -157.70226608
111 -19.84195413 -157.70255709
111 -19.84199936 -157.70255997
111 -19.84198267 -157.70286871
111 -19.84183913 -157.70325554
111 -19.84157208 -157.70408596
111 -19.84108227 -157.70559199
111 -19.84074979 -157.70697176
111 -19.84052172 -157.70776733
111 -19.84023792 -157.70896679
111 -19.84007871 -157.70996021
111 -19.84013409 -157.71036494
111 -19.84024484 -157.71079174
111 -19.84052864 -157.71117439
111 -19.84081937 -157.71146874
111 -19.84089785 -157.71182515
113 -19.84089785 -157.71337784
14 -19.84140587 -157.71009903   6.56 0 Tower Viewpoint
1300 -19.84158742 -157.71135053  91.13 misc turboprops|props Airline Asphalt Pad
1301 A none 
1300 -19.84137315 -157.71059371  90.99 misc jets|turboprops|props|helos|fighters Gravel Apron
1301 B none 
19 -19.84051010 -157.70949620 0 New Windsock 24
99
