I
1000 Generated by WorldEditor

1    130 0 0 NSFI Fagali'i
100 16.00 1 0 1.40 0 0 0 10 -13.84790633 -171.74251197   32    0 2 0 0 0 28 -13.85015362 -171.73633509   98    0 2 0 0 0
110 1 1.00 110.6000 Apron
111 -13.84835185 -171.74108175
112 -13.84831312 -171.74110026 -13.84829328 -171.74109240
111 -13.84812042 -171.74101727
111 -13.84801877 -171.74097436
111 -13.84800376 -171.74093862
111 -13.84798759 -171.74097378
111 -13.84796555 -171.74098278
111 -13.84793323 -171.74101453
111 -13.84782342 -171.74101574
111 -13.84781715 -171.74103300
111 -13.84785685 -171.74106525
111 -13.84779804 -171.74125904
111 -13.84777119 -171.74129705
111 -13.84767012 -171.74154438
111 -13.84755564 -171.74149707
111 -13.84726421 -171.74227610
111 -13.84748585 -171.74236591
112 -13.84758571 -171.74231160 -13.84761568 -171.74225240
111 -13.84761912 -171.74218079
111 -13.84765546 -171.74218818
112 -13.84764922 -171.74233992 -13.84766483 -171.74236749
111 -13.84770668 -171.74239008
111 -13.84771808 -171.74241533
113 -13.84783961 -171.74248608
130 Airport Boundary
111 -13.84807652 -171.74267159
111 -13.84893034 -171.74184096
111 -13.85084485 -171.73670371
111 -13.85050824 -171.73622520
111 -13.84988058 -171.73581169
111 -13.84974734 -171.73584600
111 -13.84761542 -171.74151410
111 -13.84754529 -171.74149244
113 -13.84725075 -171.74229958
120 Linear Feature 1
111 -13.84812042 -171.74101727 4
115 -13.84779940 -171.74192617
120 Linear Feature 4
111 -13.84786132 -171.74136673 2
115 -13.84791178 -171.74122559
120 Linear Feature 3
111 -13.84798638 -171.74154371 1
111 -13.84784153 -171.74149738 1
112 -13.84782577 -171.74147351 -13.84782968 -171.74145682 1
115 -13.84786132 -171.74136673
120 Linear Feature 3
111 -13.84808297 -171.74126994 1
111 -13.84793812 -171.74122361 1
112 -13.84792236 -171.74119974 -13.84792627 -171.74118306 1
115 -13.84795791 -171.74109296
120 Linear Feature 2
111 -13.84785085 -171.74188058 1
111 -13.84781936 -171.74186760 1
115 -13.84774019 -171.74153310
120 Linear Feature 9
111 -13.84786314 -171.74110163 20
111 -13.84771291 -171.74154786 20
111 -13.84772489 -171.74157141 20
111 -13.84769332 -171.74165998 20
111 -13.84771400 -171.74175865 20
111 -13.84767917 -171.74186292 20
115 -13.84769985 -171.74196719
14 -13.84767965 -171.74143717   6.56 0 Tower Viewpoint
1300 -13.84784915 -171.74140656 109.65 misc turboprops|props|helos Ramp 2
1300 -13.84776615 -171.74164077  74.79 misc turboprops|props|helos Ramp 1
19 -13.84828047 -171.74103201 0 WS
1000 RWY 10
1001 NFSA 010 190 0
1002 NFSA 0
1003 NFSA 0
1004 0600 1800
1101 10 left
1100 10  11810 arrivals|departures turboprops|props|helos 000000 000000 Runway Use
1000 RWY 28
1001 NFSA 191 009 0
1002 NFSA 0
1003 NFSA 0
1004 0600 1800
1101 28 left
1100 28  11810 arrivals|departures turboprops|props|helos 000000 000000 Runway Use
1200 
1201 -13.84813330 -171.74125808 both 0 _stop
1201 -13.84783927 -171.74206654 both 1 _stop
1201 -13.85015362 -171.73633509 both 2 _stop
1201 -13.84790633 -171.74251197 both 3 _start
1201 -13.84796148 -171.74235177 both 4 _start(split)
1201 -13.84839427 -171.74116119 both 5 _start(split)(split)
1202 1 0 twoway taxiway 
1202 5 0 twoway taxiway 
1204 departure 10,28
1204 arrival 10,28
1204 ils 10,28
1202 4 1 twoway taxiway 
1204 departure 10,28
1204 arrival 10,28
1204 ils 10,28
1202 3 4 twoway runway 10/28
1204 departure 10,28
1204 arrival 10,28
1204 ils 10,28
1202 4 5 twoway runway 10/28
1204 departure 10,28
1204 arrival 10,28
1204 ils 10,28
1202 5 2 twoway runway 10/28
1204 departure 10,28
1204 arrival 10,28
1204 ils 10,28
99
