I
1130 Generated by WorldEditor 2.0.0r4

1      0 1 0 NSTU Pago Pago
1302 city Pago Pago
1302 country American Samoa
1302 datum_lat -14.331661111
1302 datum_lon -170.711502778
1302 faa_code 
1302 iata_code PPG
1302 icao_code NSTU
1302 region_code NS
1302 state (unassigned)
1302 transition_alt 11000
1302 transition_level 13000
1302 drive_on_left 1
100 46.02 1 1 0.25 0 3 0 05 -14.34049497 -170.72528881  306  122 3 8 0 1 23 -14.32678646 -170.70077602  241   70 3 0 1 1
100 31.00 1 1 0.25 0 3 0 08 -14.32640692 -170.71302789    0  113 2 0 0 0 26 -14.32640757 -170.70215811   15    0 2 0 1 0
110 1 0.25 10.0000 A
111 -14.33196642 -170.71247629
112 -14.33135417 -170.71229176 -14.33106857 -170.71225082
112 -14.33040002 -170.71220347 -14.33007406 -170.71219084
111 -14.32992639 -170.71213733
111 -14.32976423 -170.71253226
112 -14.33010683 -170.71262921 -14.33025986 -170.71264342
112 -14.33074396 -170.71265969 -14.33092607 -170.71267075
112 -14.33140510 -170.71274904 -14.33166066 -170.71279801
113 -14.33180147 -170.71288552
110 1 0.25 60.0000 A
111 -14.33746200 -170.72266286
112 -14.33631090 -170.72057474 -14.33624341 -170.72044511
112 -14.33608705 -170.71998247 -14.33603221 -170.71976266
111 -14.33584946 -170.71906375
111 -14.33553191 -170.71824556
112 -14.33470437 -170.71680901 -14.33464315 -170.71670002
112 -14.33441064 -170.71627457 -14.33434483 -170.71615295
111 -14.33390147 -170.71538684
111 -14.33359838 -170.71483077
111 -14.33326350 -170.71423128
112 -14.33272662 -170.71323694 -14.33265269 -170.71310558
112 -14.33237389 -170.71274753 -14.33222749 -170.71260200
111 -14.33196642 -170.71247629
111 -14.33180147 -170.71288552
112 -14.33208708 -170.71308309 -14.33220492 -170.71319839
112 -14.33233770 -170.71342434 -14.33240044 -170.71352384
111 -14.33291467 -170.71441672
111 -14.33324465 -170.71500662
112 -14.33437235 -170.71703945 -14.33489629 -170.71798961
111 -14.33437235 -170.71703945
112 -14.33437235 -170.71703945 -14.33477087 -170.71776217
112 -14.33513740 -170.71843983 -14.33517549 -170.71851021
112 -14.33531014 -170.71881166 -14.33535605 -170.71893960
112 -14.33544504 -170.71923480 -14.33547105 -170.71932799
112 -14.33567601 -170.72013252 -14.33576416 -170.72046004
112 -14.33599512 -170.72093545 -14.33610200 -170.72113021
113 -14.33708271 -170.72288933
110 1 0.25 150.0000 A
111 -14.33815443 -170.72123242
112 -14.33788457 -170.72241070 -14.33787129 -170.72245565
112 -14.33785883 -170.72257700 -14.33788097 -170.72260747
112 -14.33800994 -170.72279176 -14.33802276 -170.72281028
112 -14.33800282 -170.72283362 -14.33798958 -170.72284685
112 -14.33797631 -170.72287150 -14.33798718 -170.72288706
112 -14.33796541 -170.72290775 -14.33794539 -170.72292076
112 -14.33781821 -170.72298652 -14.33774170 -170.72301969
112 -14.33760073 -170.72290614 -14.33755890 -170.72283665
111 -14.33746200 -170.72266286
111 -14.33708271 -170.72288933
112 -14.33733946 -170.72333760 -14.33740189 -170.72343995
112 -14.33777990 -170.72359697 -14.33802046 -170.72362350
111 -14.33821695 -170.72348463
112 -14.33836400 -170.72339276 -14.33839903 -170.72337072
112 -14.33844333 -170.72340231 -14.33845838 -170.72342333
112 -14.33854739 -170.72340990 -14.33859433 -170.72338614
111 -14.33895880 -170.72318096
111 -14.33885149 -170.72298929
113 -14.33904299 -170.72287678
110 1 0.25 150.0000 Closed
111 -14.33359838 -170.71483077
112 -14.33359838 -170.71483077 -14.33354311 -170.71467352
112 -14.33377816 -170.71450356 -14.33395882 -170.71441252
112 -14.33412899 -170.71453502 -14.33420338 -170.71457012
111 -14.33437941 -170.71458982
111 -14.33386677 -170.71364984
112 -14.33377311 -170.71394123 -14.33375842 -170.71403031
112 -14.33355834 -170.71420019 -14.33345526 -170.71426504
112 -14.33326350 -170.71423128 -14.33322135 -170.71417812
113 -14.33326350 -170.71423128
110 1 0.25 150.0000 B
111 -14.33584946 -170.71906375
112 -14.33584946 -170.71906375 -14.33580281 -170.71893632
112 -14.33603310 -170.71871144 -14.33624564 -170.71862040
112 -14.33647475 -170.71874184 -14.33654914 -170.71877694
111 -14.33676401 -170.71885862
111 -14.33606263 -170.71754047
112 -14.33600179 -170.71793260 -14.33598710 -170.71802168
112 -14.33587937 -170.71827442 -14.33574899 -170.71841468
112 -14.33553191 -170.71824556 -14.33548090 -170.71812841
113 -14.33553191 -170.71824556
110 1 0.25 140.0000 C
111 -14.32891061 -170.71112404
111 -14.32931639 -170.71162042
112 -14.32930226 -170.71146274 -14.32934223 -170.71140942
111 -14.32951667 -170.71120920
111 -14.33015139 -170.71065834
112 -14.33093770 -170.71000930 -14.33103025 -170.70994334
112 -14.33123894 -170.70980677 -14.33136009 -170.70971858
111 -14.33168818 -170.70993199
111 -14.33177532 -170.70988701
111 -14.33123096 -170.70887627
111 -14.33109995 -170.70888407
112 -14.33100202 -170.70929211 -14.33087316 -170.70945482
113 -14.33100202 -170.70929211
110 1 0.25 178.0000 D
111 -14.32665013 -170.71306502
112 -14.32665013 -170.71306502 -14.32665439 -170.71288761
112 -14.32688442 -170.71278322 -14.32708068 -170.71277747
111 -14.32714783 -170.71300886
111 -14.32741034 -170.71220263
112 -14.32716887 -170.71228297 -14.32705648 -170.71228591
112 -14.32684050 -170.71228292 -14.32670270 -170.71227899
112 -14.32661046 -170.71204225 -14.32659515 -170.71196468
111 -14.32661046 -170.71204225
111 -14.32645602 -170.71204306
111 -14.32645730 -170.71302679
111 -14.32654644 -170.71302783
113 -14.32654644 -170.71306621
110 1 0.25 50.0000 Apron
111 -14.32891061 -170.71112404
112 -14.32875792 -170.71114513 -14.32870363 -170.71108767
111 -14.32859799 -170.71118642
111 -14.32741034 -170.71220263
111 -14.32714783 -170.71300886
111 -14.32715514 -170.71371014
111 -14.32748222 -170.71398501
111 -14.32764557 -170.71396295
112 -14.32809816 -170.71392174 -14.32817893 -170.71392174
112 -14.32830311 -170.71395824 -14.32833181 -170.71399005
111 -14.32837014 -170.71403998
111 -14.32846923 -170.71396071
111 -14.32850258 -170.71400582
111 -14.32864658 -170.71388386
111 -14.32861479 -170.71384476
111 -14.32875934 -170.71372908
112 -14.32878480 -170.71363295 -14.32884514 -170.71363361
111 -14.32888475 -170.71365336
111 -14.32929838 -170.71329012
112 -14.32940770 -170.71325193 -14.32946658 -170.71325012
111 -14.32951716 -170.71326513
111 -14.32987054 -170.71299126
111 -14.32974701 -170.71284592
111 -14.32985951 -170.71270866
112 -14.32975217 -170.71259091 -14.32972500 -170.71256076
111 -14.32976554 -170.71253238
111 -14.32992770 -170.71213746
112 -14.32959322 -170.71191076 -14.32941877 -170.71175282
113 -14.32931639 -170.71162042
111 -14.32856238 -170.71307872
111 -14.32893123 -170.71275023
111 -14.32907728 -170.71292501
112 -14.32873971 -170.71322153 -14.32872250 -170.71323458
114 -14.32866214 -170.71319989 -14.32864598 -170.71318068
111 -14.32820783 -170.71332478
111 -14.32822913 -170.71328062
111 -14.32830439 -170.71321479
111 -14.32832385 -170.71323832
111 -14.32832510 -170.71323726
111 -14.32836085 -170.71320706
111 -14.32846190 -170.71312163
111 -14.32860795 -170.71330178
111 -14.32857426 -170.71333212
111 -14.32848687 -170.71322188
111 -14.32844665 -170.71325515
111 -14.32841261 -170.71321215
111 -14.32838393 -170.71323589
111 -14.32836085 -170.71320706
111 -14.32832510 -170.71323726
111 -14.32834874 -170.71326613
112 -14.32827971 -170.71332352 -14.32826804 -170.71333325
111 -14.32827971 -170.71332352
114 -14.32827971 -170.71332352 -14.32825365 -170.71334556
111 -14.32903508 -170.71276594
112 -14.32912875 -170.71271146 -14.32918111 -170.71271215
111 -14.32922398 -170.71275205
112 -14.32914188 -170.71282539 -14.32912871 -170.71283641
114 -14.32909350 -170.71282645 -14.32907998 -170.71281323
111 -14.32822157 -170.71370155
112 -14.32822157 -170.71370155 -14.32820911 -170.71371248
112 -14.32818748 -170.71370130 -14.32818809 -170.71367591
111 -14.32818748 -170.71370130
112 -14.32818748 -170.71370130 -14.32818778 -170.71368877
111 -14.32820080 -170.71340703
112 -14.32820080 -170.71340703 -14.32820185 -170.71339487
112 -14.32824464 -170.71340416 -14.32825543 -170.71341643
111 -14.32829391 -170.71346482
111 -14.32819588 -170.71354862
111 -14.32825932 -170.71363075
111 -14.32824183 -170.71364694
113 -14.32825924 -170.71366924
112 -14.32904393 -170.71344490 -14.32903974 -170.71343965
112 -14.32906937 -170.71342221 -14.32907309 -170.71342621
112 -14.32908296 -170.71343845 -14.32908678 -170.71344325
114 -14.32905752 -170.71346122 -14.32905348 -170.71345668
110 1 0.25 90.0000 Pad
111 -14.32748091 -170.71398489
111 -14.32778470 -170.71466340
111 -14.32775916 -170.71588785
111 -14.32815439 -170.71589287
111 -14.32815708 -170.71580071
111 -14.32839602 -170.71580714
111 -14.32840010 -170.71542122
111 -14.32834938 -170.71538313
111 -14.32834988 -170.71511142
112 -14.32797472 -170.71510706 -14.32791516 -170.71510596
112 -14.32797548 -170.71498268 -14.32802934 -170.71498377
111 -14.32837158 -170.71498333
111 -14.32837404 -170.71460339
111 -14.32792314 -170.71460627
111 -14.32764698 -170.71403678
113 -14.32764426 -170.71396283
110 1 0.25 89.0000 Pad
111 -14.32616725 -170.70236407
111 -14.32665263 -170.70236919
112 -14.32665263 -170.70236919 -14.32665403 -170.70220513
112 -14.32675115 -170.70219037 -14.32683159 -170.70220561
111 -14.32754693 -170.70240452
111 -14.32665392 -170.70085517
111 -14.32660711 -170.70088290
111 -14.32647428 -170.70064540
111 -14.32590070 -170.70098099
112 -14.32595010 -170.70112759 -14.32594744 -170.70121168
112 -14.32592284 -170.70130078 -14.32594764 -170.70134557
113 -14.32615679 -170.70172503
110 1 0.25 60.0100 Pad
111 -14.33950150 -170.72368359
111 -14.33917643 -170.72501544
111 -14.33975434 -170.72604447
111 -14.34035943 -170.72568155
111 -14.34022827 -170.72544668
113 -14.34038444 -170.72535456
130 Airport Boundary 
111 -14.32695884 -170.69972681
111 -14.32559488 -170.70060799
111 -14.32578229 -170.70097872
111 -14.32564265 -170.71935845
111 -14.32720104 -170.71932216
111 -14.32819550 -170.71824166
111 -14.33105324 -170.71631477
111 -14.33246965 -170.71898621
111 -14.33325146 -170.71847128
111 -14.33698835 -170.72566853
111 -14.33854066 -170.72470323
111 -14.34073861 -170.73070795
111 -14.34447881 -170.72797212
111 -14.34170525 -170.72491482
111 -14.34076776 -170.72317923
111 -14.34021787 -170.72362592
111 -14.33968710 -170.72251348
111 -14.33209738 -170.70900804
111 -14.33289445 -170.70836076
111 -14.33259228 -170.70794969
113 -14.33182846 -170.70853210
120 Linear Feature 1
111 -14.33360231 -170.71484924 106
115 -14.33325770 -170.71424042
120 Linear Feature 13
112 -14.33638047 -170.72116779 -14.33639090 -170.72116269 1
112 -14.33639041 -170.72113908 -14.33638547 -170.72112832 1
112 -14.33636259 -170.72112882 -14.33635216 -170.72113392 1
114 -14.33635265 -170.72115754 -14.33635759 -170.72116830 1
120 Linear Feature 7
112 -14.32982999 -170.71245646 -14.32964438 -170.71239429 53
116 -14.32931430 -170.71215231 -14.32926179 -170.71210042
120 Linear Feature 6
111 -14.32842710 -170.71237294 51
111 -14.32850856 -170.71237855
112 -14.32850856 -170.71237855 -14.32855102 -170.71246554 51
112 -14.32888330 -170.71250427 -14.32904884 -170.71243555 51
111 -14.32907648 -170.71225523 51
111 -14.32891544 -170.71205885 51
112 -14.32867195 -170.71192647 -14.32858068 -170.71180158 51
115 -14.32859966 -170.71166856
120 Linear Feature 5
112 -14.32812175 -170.71180095 -14.32809907 -170.71182934 51
112 -14.32814273 -170.71212603 -14.32821967 -170.71227683 51
111 -14.32837667 -170.71231434 51
111 -14.32845427 -170.71240911 51
112 -14.32862822 -170.71241580 -14.32872908 -170.71239578 51
111 -14.32879562 -170.71233283 51
111 -14.32889493 -170.71237681 51
115 -14.32889881 -170.71237494
120 Linear Feature 3
111 -14.32812135 -170.71292562 1
115 -14.32814064 -170.71270896
120 Linear Feature 2
112 -14.32749259 -170.71234779 -14.32746685 -170.71245954 51
112 -14.32765235 -170.71279711 -14.32784049 -170.71293632 51
112 -14.32808050 -170.71281456 -14.32810809 -170.71278070
111 -14.32808050 -170.71281456 51
111 -14.32832191 -170.71283313
112 -14.32832191 -170.71283313 -14.32833742 -170.71279069 51
112 -14.32827208 -170.71252562 -14.32815137 -170.71240508 51
111 -14.32802052 -170.71246540 51
115 -14.32797003 -170.71240431
120 Linear Feature 1
112 -14.32715844 -170.71253784 -14.32723137 -170.71254104 51
116 -14.32732436 -170.71270443 -14.32732901 -170.71277490
120 Linear Feature 14
111 -14.33296145 -170.71497164 3
115 -14.33293685 -170.71493593
120 Linear Feature 13
111 -14.33352010 -170.71432808 3
115 -14.33357467 -170.71434185
120 Linear Feature 12
111 -14.33387455 -170.71442830 3
115 -14.33389413 -170.71433986
120 Linear Feature 12
111 -14.33373609 -170.71418325 3
115 -14.33375813 -170.71409154
120 Linear Feature 12
111 -14.33335788 -170.71440897 3
115 -14.33337466 -170.71431541
120 Linear Feature 12
111 -14.33296741 -170.71463582 3
115 -14.33299709 -170.71454667
120 Linear Feature 12
111 -14.33310621 -170.71488306 3
115 -14.33312931 -170.71479306
120 Linear Feature 12
111 -14.33349023 -170.71465663 3
115 -14.33350983 -170.71456365
120 Linear Feature 11
111 -14.33392529 -170.71439302 3
115 -14.33384486 -170.71437521
120 Linear Feature 11
111 -14.33378851 -170.71414790 3
115 -14.33370775 -170.71413008
120 Linear Feature 11
111 -14.33340895 -170.71436856 3
115 -14.33332728 -170.71435244
120 Linear Feature 11
111 -14.33302729 -170.71459707 3
115 -14.33294286 -170.71458386
120 Linear Feature 11
111 -14.33316074 -170.71484941 3
115 -14.33308022 -170.71482643
120 Linear Feature 11
111 -14.33354250 -170.71461788 3
115 -14.33346136 -170.71459914
120 Linear Feature 10
112 -14.33369253 -170.71454697 -14.33369168 -170.71454609 3
115 -14.33366477 -170.71450818
120 Linear Feature 9
111 -14.33365924 -170.71445765 3
115 -14.33369384 -170.71450025
120 Linear Feature 7
112 -14.33253754 -170.71501542 -14.33255721 -170.71504462 1
112 -14.33270870 -170.71498821 -14.33278220 -170.71497084 1
112 -14.33299480 -170.71485125 -14.33304653 -170.71481693 1
112 -14.33306150 -170.71470569 -14.33304556 -170.71467919 1
112 -14.33285973 -170.71470321 -14.33278357 -170.71472789 1
114 -14.33258765 -170.71485653 -14.33253651 -170.71489307 1
120 Linear Feature 7
112 -14.33342280 -170.71447872 -14.33344248 -170.71450792 1
112 -14.33361344 -170.71448167 -14.33367986 -170.71444237 1
112 -14.33382161 -170.71436300 -14.33386272 -170.71433050 1
112 -14.33388743 -170.71418545 -14.33387149 -170.71415894 1
112 -14.33372551 -170.71419485 -14.33364935 -170.71421953 1
114 -14.33351897 -170.71432714 -14.33347845 -170.71436734 1
120 Linear Feature 2
111 -14.34054638 -170.72494195 3
115 -14.34067084 -170.72497033
120 Linear Feature 2
111 -14.34040466 -170.72469127 3
115 -14.34052913 -170.72471966
120 Linear Feature 2
111 -14.34027041 -170.72444877 3
115 -14.34039487 -170.72447716
120 Linear Feature 2
111 -14.34012777 -170.72419569 3
115 -14.34025223 -170.72422408
120 Linear Feature 2
111 -14.33999352 -170.72395319 3
115 -14.34011798 -170.72398158
120 Linear Feature 2
111 -14.33985507 -170.72370637 3
115 -14.33997953 -170.72373476
120 Linear Feature 2
111 -14.33971755 -170.72346291 3
115 -14.33984202 -170.72349130
120 Linear Feature 2
111 -14.33958144 -170.72321704 3
115 -14.33970590 -170.72324543
120 Linear Feature 2
111 -14.33944392 -170.72297407 3
115 -14.33956838 -170.72300245
120 Linear Feature 1
111 -14.33930734 -170.72273157 3
115 -14.33943553 -170.72276333
120 Linear Feature 73
111 -14.32654964 -170.70258526 3
115 -14.32661325 -170.70252077
120 Linear Feature 72
111 -14.32655039 -170.70286922 3
115 -14.32661475 -170.70280124
120 Linear Feature 71
111 -14.32654926 -170.70315203 3
115 -14.32661475 -170.70308327
120 Linear Feature 70
111 -14.32654999 -170.70343099 3
115 -14.32661436 -170.70336884
120 Linear Feature 69
111 -14.32654907 -170.70371421 3
115 -14.32661436 -170.70364853
120 Linear Feature 68
111 -14.32654924 -170.70399893 3
115 -14.32661436 -170.70393211
120 Linear Feature 67
111 -14.32654962 -170.70427940 3
115 -14.32661436 -170.70421414
120 Linear Feature 66
111 -14.32654924 -170.70456259 3
115 -14.32661398 -170.70449655
120 Linear Feature 65
111 -14.32654924 -170.70483335 3
115 -14.32661360 -170.70476887
120 Linear Feature 64
111 -14.32654886 -170.70511771 3
115 -14.32661398 -170.70504856
120 Linear Feature 63
111 -14.32654924 -170.70540517 3
115 -14.32661285 -170.70533836
120 Linear Feature 62
111 -14.32654849 -170.70569497 3
115 -14.32661436 -170.70562582
120 Linear Feature 61
111 -14.32654962 -170.70598204 3
115 -14.32661323 -170.70591251
120 Linear Feature 60
111 -14.32654886 -170.70627184 3
115 -14.32661360 -170.70620347
120 Linear Feature 59
111 -14.32654811 -170.70656047 3
115 -14.32661360 -170.70648977
120 Linear Feature 58
111 -14.32654849 -170.70684871 3
115 -14.32661285 -170.70678151
120 Linear Feature 57
111 -14.32654886 -170.70713695 3
115 -14.32661398 -170.70706314
120 Linear Feature 56
111 -14.32654811 -170.70742480 3
115 -14.32661247 -170.70735721
120 Linear Feature 55
111 -14.32654849 -170.70765944 3
115 -14.32661360 -170.70759301
120 Linear Feature 54
111 -14.32654886 -170.70765983 3
115 -14.32661398 -170.70772664
120 Linear Feature 53
111 -14.32654962 -170.70793991 3
115 -14.32661360 -170.70800478
120 Linear Feature 52
111 -14.32654849 -170.70822155 3
115 -14.32661285 -170.70828914
120 Linear Feature 51
111 -14.32654924 -170.70850396 3
115 -14.32661360 -170.70857117
120 Linear Feature 50
111 -14.32654924 -170.70878793 3
115 -14.32661436 -170.70885319
120 Linear Feature 49
111 -14.32654886 -170.70906995 3
115 -14.32661360 -170.70913638
120 Linear Feature 48
111 -14.32654962 -170.70935392 3
115 -14.32661436 -170.70941841
120 Linear Feature 47
111 -14.32654886 -170.70963478 3
115 -14.32661398 -170.70969810
120 Linear Feature 46
111 -14.32654962 -170.70991875 3
115 -14.32661436 -170.70998285
120 Linear Feature 45
111 -14.32654886 -170.71019806 3
115 -14.32661360 -170.71026488
120 Linear Feature 44
111 -14.32654886 -170.71047853 3
115 -14.32661360 -170.71054768
120 Linear Feature 43
111 -14.32654849 -170.71076172 3
115 -14.32661436 -170.71082893
120 Linear Feature 42
111 -14.32654774 -170.71104414 3
115 -14.32661398 -170.71111251
120 Linear Feature 41
111 -14.32654999 -170.71132927 3
115 -14.32661436 -170.71139492
120 Linear Feature 40
111 -14.32654811 -170.71160896 3
115 -14.32661360 -170.71167772
120 Linear Feature 39
111 -14.32654698 -170.71189138 3
115 -14.32661285 -170.71196091
120 Linear Feature 38
111 -14.32626491 -170.71273689 3
115 -14.32620054 -170.71280992
120 Linear Feature 37
111 -14.32626528 -170.71245525 3
115 -14.32620017 -170.71252517
120 Linear Feature 36
111 -14.32626453 -170.71217478 3
115 -14.32619904 -170.71224470
120 Linear Feature 35
111 -14.32626566 -170.71189237 3
115 -14.32620017 -170.71196074
120 Linear Feature 34
111 -14.32626603 -170.71160840 3
115 -14.32619941 -170.71168104
120 Linear Feature 33
111 -14.32626453 -170.71132987 3
115 -14.32620054 -170.71139630
120 Linear Feature 32
111 -14.32626566 -170.71104707 3
115 -14.32620017 -170.71111583
120 Linear Feature 31
111 -14.32626540 -170.71076253 3
115 -14.32620036 -170.71083105
120 Linear Feature 30
111 -14.32626450 -170.71048236 3
115 -14.32620081 -170.71054949
120 Linear Feature 29
111 -14.32626359 -170.71020034 3
115 -14.32620036 -170.71026840
120 Linear Feature 28
111 -14.32626495 -170.70991831 3
115 -14.32620081 -170.70998451
120 Linear Feature 27
111 -14.32626585 -170.70963489 3
115 -14.32619946 -170.70970108
120 Linear Feature 26
111 -14.32626540 -170.70935240 3
115 -14.32619946 -170.70942139
120 Linear Feature 25
111 -14.32626630 -170.70907037 3
115 -14.32619991 -170.70913936
120 Linear Feature 24
111 -14.32626540 -170.70878508 3
115 -14.32620036 -170.70885314
120 Linear Feature 23
111 -14.32626495 -170.70850539 3
115 -14.32620081 -170.70856832
120 Linear Feature 22
111 -14.32626495 -170.70822243 3
115 -14.32620217 -170.70828863
120 Linear Feature 21
111 -14.32626630 -170.70793947 3
115 -14.32620036 -170.70800753
120 Linear Feature 20
111 -14.32620036 -170.70772830 3
115 -14.32626405 -170.70766491
120 Linear Feature 19
111 -14.32626450 -170.70766584 3
115 -14.32620036 -170.70760104
120 Linear Feature 18
111 -14.32626540 -170.70743229 3
115 -14.32620126 -170.70736797
120 Linear Feature 17
111 -14.32626585 -170.70714468 3
115 -14.32620081 -170.70707848
120 Linear Feature 16
111 -14.32626450 -170.70685659 3
115 -14.32620081 -170.70679040
120 Linear Feature 15
111 -14.32626495 -170.70657037 3
115 -14.32620036 -170.70650138
120 Linear Feature 14
111 -14.32626585 -170.70627762 3
115 -14.32620081 -170.70621469
120 Linear Feature 13
111 -14.32626630 -170.70599140 3
115 -14.32619946 -170.70592334
120 Linear Feature 12
111 -14.32626531 -170.70570098 3
115 -14.32620027 -170.70563498
120 Linear Feature 11
111 -14.32626278 -170.70541090 3
115 -14.32620031 -170.70534669
120 Linear Feature 10
111 -14.32626333 -170.70512280 3
115 -14.32620160 -170.70506064
120 Linear Feature 9
111 -14.32626630 -170.70484326 3
115 -14.32620172 -170.70477893
120 Linear Feature 8
111 -14.32626585 -170.70456357 3
115 -14.32620172 -170.70449691
120 Linear Feature 7
111 -14.32626630 -170.70427875 3
115 -14.32620081 -170.70421115
120 Linear Feature 6
111 -14.32626630 -170.70399765 3
115 -14.32620172 -170.70392959
120 Linear Feature 5
111 -14.32626676 -170.70371796 3
115 -14.32620081 -170.70364757
120 Linear Feature 4
111 -14.32626686 -170.70343302 3
115 -14.32620068 -170.70336601
120 Linear Feature 3
111 -14.32626592 -170.70315138 3
115 -14.32619942 -170.70308178
120 Linear Feature 2
111 -14.32626654 -170.70286813 3
115 -14.32620130 -170.70280338
120 Linear Feature 1
111 -14.32626373 -170.70258966 3
115 -14.32620129 -170.70251877
120 Linear Feature 388
111 -14.32705488 -170.70082504 3
115 -14.32708271 -170.70073290
120 Linear Feature 387
111 -14.32718932 -170.70106353 3
115 -14.32722135 -170.70097735
120 Linear Feature 386
111 -14.32732901 -170.70131827 3
115 -14.32735684 -170.70121800
120 Linear Feature 385
111 -14.32746765 -170.70156218 3
115 -14.32749706 -170.70146299
120 Linear Feature 384
111 -14.32760209 -170.70180554 3
115 -14.32763097 -170.70170906
120 Linear Feature 383
111 -14.32774073 -170.70204890 3
115 -14.32776961 -170.70195188
120 Linear Feature 382
111 -14.32788200 -170.70230419 3
115 -14.32790195 -170.70220013
120 Linear Feature 381
111 -14.32801591 -170.70254322 3
115 -14.32804164 -170.70244512
120 Linear Feature 380
111 -14.32815455 -170.70279200 3
115 -14.32817766 -170.70268848
120 Linear Feature 379
111 -14.32829057 -170.70303483 3
115 -14.32831577 -170.70293401
120 Linear Feature 378
111 -14.32843078 -170.70328361 3
115 -14.32845441 -170.70318117
120 Linear Feature 377
111 -14.32856470 -170.70352481 3
115 -14.32859043 -170.70342833
120 Linear Feature 376
111 -14.32870071 -170.70376655 3
115 -14.32873012 -170.70366682
120 Linear Feature 375
111 -14.32883673 -170.70401316 3
115 -14.32886456 -170.70391885
120 Linear Feature 374
111 -14.32897589 -170.70425870 3
115 -14.32900215 -170.70416168
120 Linear Feature 373
112 -14.32911243 -170.70450369 -14.32911191 -170.70450260 3
115 -14.32913659 -170.70440287
120 Linear Feature 372
111 -14.32924845 -170.70474814 3
115 -14.32927733 -170.70464624
120 Linear Feature 371
111 -14.32938551 -170.70499313 3
115 -14.32941755 -170.70488744
120 Linear Feature 370
111 -14.32952153 -170.70523812 3
115 -14.32954726 -170.70513839
120 Linear Feature 369
111 -14.32966017 -170.70548582 3
115 -14.32968800 -170.70538934
120 Linear Feature 368
111 -14.32979671 -170.70572919 3
115 -14.32982454 -170.70563054
120 Linear Feature 367
111 -14.32993693 -170.70597852 3
115 -14.32996108 -170.70587716
120 Linear Feature 366
111 -14.33007032 -170.70621863 3
115 -14.33009552 -170.70612703
120 Linear Feature 365
111 -14.33021001 -170.70646904 3
115 -14.33023417 -170.70637040
120 Linear Feature 364
111 -14.33034550 -170.70671079 3
115 -14.33037228 -170.70661159
120 Linear Feature 363
111 -14.33047994 -170.70695036 3
115 -14.33050829 -170.70685984
120 Linear Feature 362
111 -14.33061963 -170.70720185 3
115 -14.33064904 -170.70710537
120 Linear Feature 361
111 -14.33075879 -170.70745064 3
115 -14.33078663 -170.70734874
120 Linear Feature 360
111 -14.33089271 -170.70768913 3
115 -14.33092107 -170.70759265
120 Linear Feature 359
111 -14.33102977 -170.70793304 3
115 -14.33105971 -170.70783873
120 Linear Feature 358
111 -14.33116579 -170.70817803 3
115 -14.33119677 -170.70807993
120 Linear Feature 357
111 -14.33130180 -170.70842248 3
115 -14.33133489 -170.70832655
120 Linear Feature 356
111 -14.33144202 -170.70867182 3
115 -14.33146880 -170.70857154
120 Linear Feature 355
111 -14.33155965 -170.70888158 3
115 -14.33158906 -170.70878510
120 Linear Feature 354
111 -14.33169777 -170.70912928 3
115 -14.33172613 -170.70902630
120 Linear Feature 353
111 -14.33183221 -170.70936994 3
115 -14.33186582 -170.70927509
120 Linear Feature 352
111 -14.33197033 -170.70961548 3
115 -14.33199658 -170.70951737
120 Linear Feature 351
111 -14.33210267 -170.70985451 3
115 -14.33213260 -170.70975532
120 Linear Feature 350
111 -14.33224026 -170.71010059 3
115 -14.33226861 -170.70999923
120 Linear Feature 349
111 -14.33237575 -170.71034396 3
115 -14.33240568 -170.71024477
120 Linear Feature 348
111 -14.33251334 -170.71058895 3
115 -14.33254327 -170.71048868
120 Linear Feature 347
111 -14.33264883 -170.71083015 3
115 -14.33267981 -170.71073638
120 Linear Feature 346
111 -14.33278747 -170.71107732 3
115 -14.33281372 -170.71097867
120 Linear Feature 345
111 -14.33292296 -170.71132069 3
115 -14.33295394 -170.71122529
120 Linear Feature 344
111 -14.33302589 -170.71150335 3
115 -14.33305477 -170.71141175
120 Linear Feature 343
111 -14.33312987 -170.71169089 3
115 -14.33315928 -170.71158953
120 Linear Feature 342
111 -14.33312462 -170.71167951 3
115 -14.33322545 -170.71171907
120 Linear Feature 341
111 -14.33323595 -170.71188006 3
115 -14.33333363 -170.71190607
120 Linear Feature 340
111 -14.33334256 -170.71207085 3
115 -14.33343446 -170.71209036
120 Linear Feature 339
111 -14.33347699 -170.71230934 3
115 -14.33356995 -170.71233644
120 Linear Feature 338
111 -14.33361564 -170.71255542 3
115 -14.33370596 -170.71258036
120 Linear Feature 337
111 -14.33375323 -170.71280530 3
115 -14.33384723 -170.71282156
120 Linear Feature 336
111 -14.33389187 -170.71305246 3
115 -14.33398325 -170.71306818
120 Linear Feature 335
111 -14.33402421 -170.71328987 3
115 -14.33412031 -170.71331480
120 Linear Feature 334
111 -14.33416337 -170.71353866 3
115 -14.33425528 -170.71355655
120 Linear Feature 333
111 -14.33429886 -170.71378040 3
115 -14.33438866 -170.71379938
120 Linear Feature 332
111 -14.33443750 -170.71402811 3
115 -14.33452993 -170.71404708
120 Linear Feature 331
111 -14.33457404 -170.71427094 3
115 -14.33466490 -170.71428775
120 Linear Feature 330
111 -14.33471111 -170.71451377 3
115 -14.33480091 -170.71452895
120 Linear Feature 329
111 -14.33484555 -170.71475606 3
115 -14.33493903 -170.71477557
120 Linear Feature 328
111 -14.33498209 -170.71500268 3
115 -14.33507977 -170.71502491
120 Linear Feature 327
111 -14.33512388 -170.71524877 3
115 -14.33521578 -170.71526882
120 Linear Feature 326
111 -14.33525780 -170.71549376 3
115 -14.33535390 -170.71551382
120 Linear Feature 325
111 -14.33539801 -170.71574093 3
115 -14.33548834 -170.71575123
120 Linear Feature 324
111 -14.33553140 -170.71598322 3
115 -14.33562593 -170.71600165
120 Linear Feature 323
111 -14.33567004 -170.71623093 3
115 -14.33576247 -170.71624990
120 Linear Feature 322
111 -14.33580553 -170.71647538 3
115 -14.33590479 -170.71649652
120 Linear Feature 321
111 -14.33594365 -170.71672309 3
115 -14.33604448 -170.71673989
120 Linear Feature 320
111 -14.33607966 -170.71696321 3
115 -14.33617787 -170.71698273
120 Linear Feature 319
111 -14.33621620 -170.71720930 3
115 -14.33631231 -170.71722610
120 Linear Feature 318
111 -14.33635274 -170.71745321 3
115 -14.33645042 -170.71747435
120 Linear Feature 317
111 -14.33648981 -170.71769767 3
115 -14.33659011 -170.71771610
120 Linear Feature 316
111 -14.33662477 -170.71794050 3
115 -14.33672823 -170.71796110
120 Linear Feature 315
111 -14.33676289 -170.71818875 3
115 -14.33686004 -170.71820555
120 Linear Feature 314
111 -14.33689733 -170.71843212 3
115 -14.33699921 -170.71845055
120 Linear Feature 313
111 -14.33703597 -170.71867875 3
115 -14.33713260 -170.71869122
120 Linear Feature 312
111 -14.33717303 -170.71892267 3
115 -14.33726704 -170.71893405
120 Linear Feature 311
111 -14.33731168 -170.71916767 3
115 -14.33740778 -170.71918230
120 Linear Feature 310
111 -14.33744664 -170.71941050 3
115 -14.33755167 -170.71942730
120 Linear Feature 309
111 -14.33758318 -170.71965604 3
115 -14.33768716 -170.71967068
120 Linear Feature 308
111 -14.33772077 -170.71990104 3
115 -14.33781372 -170.71991188
120 Linear Feature 307
111 -14.33785836 -170.72014767 3
115 -14.33795762 -170.72016176
120 Linear Feature 306
111 -14.33799648 -170.72039159 3
115 -14.33809678 -170.72040568
120 Linear Feature 305
111 -14.33813354 -170.72063713 3
115 -14.33822965 -170.72064905
120 Linear Feature 304
111 -14.33826693 -170.72087671 3
115 -14.33837196 -170.72089839
120 Linear Feature 303
111 -14.33840925 -170.72112605 3
115 -14.33850430 -170.72113797
120 Linear Feature 302
111 -14.33854579 -170.72137051 3
115 -14.33864399 -170.72138569
120 Linear Feature 301
111 -14.33868443 -170.72161768 3
115 -14.33877738 -170.72163015
120 Linear Feature 300
111 -14.33882150 -170.72186376 3
115 -14.33891287 -170.72188057
120 Linear Feature 299
111 -14.33895856 -170.72210985 3
115 -14.33905519 -170.72212503
120 Linear Feature 298
111 -14.33909668 -170.72235485 3
115 -14.33919226 -170.72237057
120 Linear Feature 297
111 -14.33923584 -170.72259877 3
115 -14.33933615 -170.72261612
120 Linear Feature 296
111 -14.33949213 -170.72392688 3
115 -14.33945624 -170.72406691
120 Linear Feature 295
111 -14.33935515 -170.72368252 3
115 -14.33931707 -170.72381667
120 Linear Feature 294
111 -14.33921817 -170.72343814 3
115 -14.33917922 -170.72357095
120 Linear Feature 293
111 -14.33908294 -170.72319829 3
115 -14.33904443 -170.72333109
120 Linear Feature 292
111 -14.33894597 -170.72295076 3
115 -14.33890570 -170.72307227
120 Linear Feature 291
111 -14.33804949 -170.72134658 3
115 -14.33802359 -170.72144144
120 Linear Feature 290
111 -14.33791528 -170.72110492 3
115 -14.33788319 -170.72119978
120 Linear Feature 289
111 -14.33777670 -170.72085762 3
115 -14.33774497 -170.72095097
120 Linear Feature 288
111 -14.33763702 -170.72060881 3
115 -14.33760566 -170.72070555
120 Linear Feature 287
111 -14.33750063 -170.72036339 3
115 -14.33747109 -170.72045937
120 Linear Feature 286
111 -14.33736387 -170.72011909 3
115 -14.33733323 -170.72022073
120 Linear Feature 285
111 -14.33722784 -170.71987518 3
115 -14.33719720 -170.71997305
120 Linear Feature 284
111 -14.33709144 -170.71963202 3
115 -14.33705971 -170.71972800
120 Linear Feature 283
111 -14.33695286 -170.71938584 3
115 -14.33692296 -170.71948484
120 Linear Feature 282
111 -14.33681574 -170.71913929 3
115 -14.33678729 -170.71923339
120 Linear Feature 281
111 -14.33667934 -170.71889537 3
115 -14.33664944 -170.71899625
120 Linear Feature 280
111 -14.33599310 -170.71766792 3
115 -14.33596246 -170.71775675
120 Linear Feature 279
111 -14.33585488 -170.71741986 3
115 -14.33582388 -170.71752149
120 Linear Feature 278
111 -14.33572177 -170.71718122 3
115 -14.33568894 -170.71728172
120 Linear Feature 277
111 -14.33558282 -170.71693391 3
115 -14.33555255 -170.71703329
120 Linear Feature 276
111 -14.33544788 -170.71669188 3
115 -14.33541251 -170.71678598
120 Linear Feature 275
111 -14.33530930 -170.71644420 3
115 -14.33527466 -170.71654696
120 Linear Feature 274
111 -14.33517181 -170.71619916 3
115 -14.33514373 -170.71629514
120 Linear Feature 273
111 -14.33503578 -170.71595562 3
115 -14.33500479 -170.71604973
120 Linear Feature 272
111 -14.33489904 -170.71571209 3
115 -14.33486840 -170.71580656
120 Linear Feature 271
111 -14.33476483 -170.71547156 3
115 -14.33472873 -170.71556491
120 Linear Feature 270
111 -14.33462552 -170.71522200 3
115 -14.33459160 -170.71531158
120 Linear Feature 269
111 -14.33448694 -170.71497319 3
115 -14.33445594 -170.71506730
120 Linear Feature 268
111 -14.33435164 -170.71473191 3
115 -14.33432064 -170.71482940
120 Linear Feature 267
111 -14.33421451 -170.71448763 3
115 -14.33418315 -170.71458135
120 Linear Feature 266
111 -14.33407411 -170.71423618 3
115 -14.33404603 -170.71431899
120 Linear Feature 265
111 -14.33393895 -170.71399339 3
115 -14.33391185 -170.71408706
120 Linear Feature 264
111 -14.33380486 -170.71375604 3
115 -14.33378079 -170.71385586
120 Linear Feature 263
111 -14.33366438 -170.71350535 3
115 -14.33363550 -170.71360653
120 Linear Feature 262
111 -14.33352959 -170.71326189 3
115 -14.33349633 -170.71336262
120 Linear Feature 261
111 -14.33339305 -170.71301843 3
115 -14.33336110 -170.71311374
120 Linear Feature 260
111 -14.33325476 -170.71277814 3
115 -14.33322369 -170.71287480
120 Linear Feature 259
111 -14.33311878 -170.71252644 3
115 -14.33308946 -170.71262762
120 Linear Feature 258
111 -14.33298137 -170.71228434 3
115 -14.33295074 -170.71238055
120 Linear Feature 257
111 -14.33287678 -170.71209373 3
115 -14.33284745 -170.71219490
120 Linear Feature 256
111 -14.33276693 -170.71190131 3
115 -14.33274724 -170.71200700
120 Linear Feature 255
111 -14.33277612 -170.71191666 3
115 -14.33267503 -170.71187918
120 Linear Feature 254
111 -14.33266934 -170.71172967 3
115 -14.33257438 -170.71169218
120 Linear Feature 253
111 -14.33256518 -170.71153905 3
115 -14.33246978 -170.71151150
120 Linear Feature 252
111 -14.33242864 -170.71129695 3
115 -14.33233630 -170.71126804
120 Linear Feature 251
111 -14.33229123 -170.71104897 3
115 -14.33219495 -170.71102278
120 Linear Feature 250
111 -14.33215513 -170.71080597 3
115 -14.33205578 -170.71077615
120 Linear Feature 249
111 -14.33201815 -170.71056160 3
115 -14.33192012 -170.71053541
120 Linear Feature 248
111 -14.33188029 -170.71031589 3
115 -14.33178533 -170.71028608
120 Linear Feature 247
111 -14.33174025 -170.71006611 3
115 -14.33164573 -170.71003900
120 Linear Feature 246
111 -14.33160634 -170.70982310 3
115 -14.33150919 -170.70979690
120 Linear Feature 245
111 -14.33108216 -170.70888743 3
115 -14.33098916 -170.70886372
120 Linear Feature 244
111 -14.33094613 -170.70864390 3
115 -14.33084948 -170.70861905
120 Linear Feature 243
111 -14.33080755 -170.70839660 3
115 -14.33071710 -170.70837477
120 Linear Feature 242
111 -14.33066677 -170.70814554 3
115 -14.33057524 -170.70813048
120 Linear Feature 241
111 -14.33053257 -170.70790577 3
115 -14.33044541 -170.70788544
120 Linear Feature 240
111 -14.33039362 -170.70765659 3
115 -14.33030755 -170.70763852
120 Linear Feature 239
111 -14.33025978 -170.70741795 3
115 -14.33017225 -170.70739763
120 Linear Feature 238
111 -14.33012339 -170.70717329 3
115 -14.33003075 -170.70714995
120 Linear Feature 237
111 -14.32998699 -170.70692938 3
115 -14.32989254 -170.70690266
120 Linear Feature 236
111 -14.32984659 -170.70668058 3
115 -14.32975797 -170.70665762
120 Linear Feature 235
111 -14.32971165 -170.70643517 3
115 -14.32962011 -170.70641296
120 Linear Feature 234
111 -14.32957708 -170.70619465 3
115 -14.32948007 -170.70616604
120 Linear Feature 233
111 -14.32943740 -170.70594622 3
115 -14.32934258 -170.70592401
120 Linear Feature 232
111 -14.32930137 -170.70570269 3
115 -14.32920947 -170.70568048
120 Linear Feature 231
111 -14.32916461 -170.70545954 3
115 -14.32907417 -170.70543658
120 Linear Feature 230
111 -14.32902603 -170.70521074 3
115 -14.32893158 -170.70518778
120 Linear Feature 229
111 -14.32888891 -170.70496344 3
115 -14.32879883 -170.70494688
120 Linear Feature 228
111 -14.32875178 -170.70472104 3
115 -14.32865842 -170.70470109
120 Linear Feature 227
111 -14.32861429 -170.70447525 3
115 -14.32852020 -170.70445267
120 Linear Feature 226
111 -14.32847893 -170.70423348 3
115 -14.32838594 -170.70420964
120 Linear Feature 225
111 -14.32834126 -170.70398631 3
115 -14.32824948 -170.70396121
120 Linear Feature 224
111 -14.32820572 -170.70374447 3
115 -14.32811211 -170.70371969
120 Linear Feature 223
111 -14.32806653 -170.70349716 3
115 -14.32797546 -170.70347419
120 Linear Feature 222
111 -14.32793130 -170.70325515 3
115 -14.32783895 -170.70323016
120 Linear Feature 221
111 -14.32779300 -170.70300658 3
115 -14.32770504 -170.70298445
120 Linear Feature 220
111 -14.32765515 -170.70276313 3
115 -14.32756675 -170.70273964
120 Linear Feature 219
111 -14.32751773 -170.70251696 3
115 -14.32743283 -170.70249393
120 Linear Feature 218
111 -14.32739257 -170.70229293 3
115 -14.32730461 -170.70226854
120 Linear Feature 217
112 -14.32633575 -170.70103485 -14.32633554 -170.70103441 3
115 -14.32629565 -170.70096972
120 Linear Feature 216
111 -14.32609924 -170.70117405 3
115 -14.32605615 -170.70111415
120 Linear Feature 215
111 -14.32603473 -170.70121735 3
115 -14.32597303 -170.70125342
120 Linear Feature 214
111 -14.32616784 -170.70145542 3
115 -14.32610858 -170.70148898
120 Linear Feature 213
111 -14.32623956 -170.70163170 3
115 -14.32616662 -170.70164833
120 Linear Feature 212
111 -14.32625354 -170.70180547 3
115 -14.32619154 -170.70180735
120 Linear Feature 211
111 -14.32625579 -170.70200847 3
115 -14.32620260 -170.70200925
120 Linear Feature 210
111 -14.32625604 -170.70206231 3
115 -14.32618792 -170.70206257
120 Linear Feature 209
111 -14.32656201 -170.70217332 3
115 -14.32662381 -170.70222299
120 Linear Feature 208
111 -14.32663090 -170.70211033 3
115 -14.32667674 -170.70216810
120 Linear Feature 207
111 -14.32679823 -170.70208541 3
115 -14.32679696 -170.70215337
120 Linear Feature 206
111 -14.32703149 -170.70212501 3
115 -14.32701963 -170.70219151
120 Linear Feature 205
111 -14.32718409 -170.70215477 3
115 -14.32716622 -170.70223494
120 Linear Feature 204
111 -14.32734091 -170.70221424 3
115 -14.32733653 -170.70225000
120 Linear Feature 203
111 -14.33208629 -170.71261575 3
115 -14.33210625 -170.71257347
120 Linear Feature 202
111 -14.33196551 -170.71254529 3
115 -14.33198284 -170.71250626
120 Linear Feature 201
111 -14.33185103 -170.71249596 3
115 -14.33186520 -170.71244772
120 Linear Feature 200
111 -14.33171974 -170.71245314 3
115 -14.33173076 -170.71240273
120 Linear Feature 199
111 -14.33158372 -170.71241791 3
115 -14.33159318 -170.71236479
120 Linear Feature 198
111 -14.33144666 -170.71238810 3
115 -14.33145401 -170.71233281
120 Linear Feature 197
111 -14.33794266 -170.72255294 3
115 -14.33788614 -170.72258719
120 Linear Feature 196
111 -14.33796099 -170.72303121 3
115 -14.33792361 -170.72297161
120 Linear Feature 195
111 -14.33776892 -170.72310241 3
115 -14.33777226 -170.72302588
120 Linear Feature 194
111 -14.33762001 -170.72306352 3
115 -14.33766134 -170.72299859
120 Linear Feature 193
111 -14.33751212 -170.72294777 3
115 -14.33757533 -170.72290825
120 Linear Feature 192
111 -14.33737658 -170.72270404 3
115 -14.33744252 -170.72266326
120 Linear Feature 191
111 -14.33723890 -170.72245686 3
115 -14.33730121 -170.72241797
120 Linear Feature 190
111 -14.33710336 -170.72221282 3
115 -14.33716110 -170.72217455
120 Linear Feature 189
111 -14.33696417 -170.72196156 3
115 -14.33702374 -170.72192455
120 Linear Feature 188
111 -14.33682863 -170.72171847 3
115 -14.33689336 -170.72167580
120 Linear Feature 187
111 -14.33655414 -170.72122552 3
115 -14.33661290 -170.72118997
120 Linear Feature 186
111 -14.33641713 -170.72098059 3
115 -14.33648424 -170.72093773
120 Linear Feature 185
111 -14.33628215 -170.72073593 3
115 -14.33634647 -170.72069515
120 Linear Feature 184
111 -14.33621706 -170.72061934 3
115 -14.33628265 -170.72057804
120 Linear Feature 183
111 -14.33615906 -170.72049596 3
115 -14.33622618 -170.72046041
120 Linear Feature 182
111 -14.33610993 -170.72037102 3
115 -14.33617907 -170.72034122
120 Linear Feature 181
111 -14.33606485 -170.72024215 3
115 -14.33613551 -170.72021888
120 Linear Feature 180
111 -14.33602914 -170.72011328 3
115 -14.33609904 -170.72009184
120 Linear Feature 179
111 -14.33595696 -170.71984326 3
115 -14.33602939 -170.71982234
120 Linear Feature 178
111 -14.33588453 -170.71957088 3
115 -14.33595544 -170.71955389
120 Linear Feature 177
111 -14.33581362 -170.71930164 3
115 -14.33588276 -170.71927968
120 Linear Feature 176
111 -14.33574482 -170.71902585 3
115 -14.33581877 -170.71900781
120 Linear Feature 175
111 -14.33573722 -170.71890064 3
115 -14.33580814 -170.71891345
120 Linear Feature 174
111 -14.33579319 -170.71876916 3
115 -14.33584815 -170.71881673
120 Linear Feature 173
111 -14.33588148 -170.71868530 3
115 -14.33593041 -170.71874804
120 Linear Feature 172
111 -14.33609101 -170.71857837 3
115 -14.33610139 -170.71864974
120 Linear Feature 171
111 -14.33622118 -170.71855903 3
115 -14.33621865 -170.71864372
120 Linear Feature 170
111 -14.33635712 -170.71858258 3
115 -14.33633244 -170.71865901
120 Linear Feature 169
111 -14.33648158 -170.71864546 3
115 -14.33644535 -170.71870075
120 Linear Feature 168
111 -14.33662915 -170.71881566 3
115 -14.33654198 -170.71886986
120 Linear Feature 167
111 -14.33607449 -170.71782315 3
115 -14.33600009 -170.71785522
120 Linear Feature 166
111 -14.33608718 -170.71797131 3
115 -14.33602460 -170.71797176
120 Linear Feature 165
111 -14.33606921 -170.71810810 3
115 -14.33600885 -170.71809895
120 Linear Feature 164
111 -14.33602045 -170.71824468 3
115 -14.33596622 -170.71820874
120 Linear Feature 163
111 -14.33593709 -170.71835316 3
115 -14.33588644 -170.71829980
120 Linear Feature 162
111 -14.33582090 -170.71841867 3
115 -14.33579344 -170.71837280
120 Linear Feature 161
111 -14.33578141 -170.71843039 3
115 -14.33576937 -170.71838409
120 Linear Feature 160
111 -14.33567820 -170.71843943 3
115 -14.33568112 -170.71837544
120 Linear Feature 159
111 -14.33554722 -170.71839961 3
115 -14.33559053 -170.71834158
120 Linear Feature 158
111 -14.33546618 -170.71831831 3
115 -14.33552924 -170.71827649
120 Linear Feature 157
111 -14.33532828 -170.71807844 3
115 -14.33538845 -170.71804570
120 Linear Feature 156
111 -14.33519042 -170.71783415 3
115 -14.33524330 -170.71780216
120 Linear Feature 155
111 -14.33504865 -170.71758562 3
115 -14.33509601 -170.71755687
120 Linear Feature 154
111 -14.33490901 -170.71733926 3
115 -14.33495278 -170.71731417
120 Linear Feature 153
111 -14.33463261 -170.71685088 3
115 -14.33467724 -170.71681881
120 Linear Feature 152
111 -14.33449388 -170.71660515 3
115 -14.33453895 -170.71657715
120 Linear Feature 151
111 -14.33435564 -170.71636319 3
115 -14.33441297 -170.71632751
120 Linear Feature 150
111 -14.33421516 -170.71611476 3
115 -14.33426724 -170.71608405
120 Linear Feature 149
111 -14.33393820 -170.71562470 3
115 -14.33399509 -170.71559082
120 Linear Feature 148
111 -14.33380180 -170.71538605 3
115 -14.33385249 -170.71535331
120 Linear Feature 147
111 -14.33366178 -170.71513703 3
115 -14.33371954 -170.71510180
120 Linear Feature 146
112 -14.33352173 -170.71488863 -14.33352209 -170.71488788 3
115 -14.33358482 -170.71484685
120 Linear Feature 145
111 -14.33338570 -170.71464321 3
115 -14.33344587 -170.71460557
120 Linear Feature 144
111 -14.33325113 -170.71439667 3
115 -14.33330838 -170.71435865
120 Linear Feature 143
111 -14.33311360 -170.71414639 3
115 -14.33316466 -170.71410912
120 Linear Feature 142
111 -14.33298122 -170.71390059 3
115 -14.33302972 -170.71386559
120 Linear Feature 141
111 -14.33289296 -170.71373686 3
115 -14.33294475 -170.71370034
120 Linear Feature 140
111 -14.33280471 -170.71357237 3
115 -14.33286050 -170.71353924
120 Linear Feature 139
111 -14.33270515 -170.71338943 3
115 -14.33276167 -170.71335066
120 Linear Feature 138
111 -14.33263877 -170.71326748 3
115 -14.33269749 -170.71322946
120 Linear Feature 137
111 -14.33256766 -170.71314740 3
115 -14.33262564 -170.71310675
120 Linear Feature 136
111 -14.33240354 -170.71292151 3
115 -14.33245429 -170.71287038
120 Linear Feature 135
112 -14.33221025 -170.71271637 -14.33221025 -170.71271543 3
115 -14.33224520 -170.71267465
120 Linear Feature 134
111 -14.33130767 -170.71236760 3
115 -14.33131570 -170.71230776
120 Linear Feature 133
111 -14.33116945 -170.71235067 3
115 -14.33117529 -170.71228103
120 Linear Feature 132
111 -14.33103379 -170.71234013 3
115 -14.33103780 -170.71227087
120 Linear Feature 131
111 -14.33089047 -170.71233287 3
115 -14.33089660 -170.71225879
120 Linear Feature 130
111 -14.33075898 -170.71232579 3
115 -14.33076226 -170.71225240
120 Linear Feature 129
111 -14.33061821 -170.71231940 3
115 -14.33062405 -170.71224938
120 Linear Feature 128
111 -14.33048228 -170.71231187 3
115 -14.33048455 -170.71224130
120 Linear Feature 127
111 -14.33034528 -170.71230333 3
115 -14.33034820 -170.71223294
120 Linear Feature 126
111 -14.33020743 -170.71229467 3
115 -14.33021290 -170.71221826
120 Linear Feature 125
111 -14.33009073 -170.71226983 3
115 -14.33011115 -170.71219793
120 Linear Feature 124
111 -14.32995616 -170.71223106 3
115 -14.32998351 -170.71216782
120 Linear Feature 123
111 -14.32983508 -170.71218438 3
115 -14.32987082 -170.71212830
120 Linear Feature 122
111 -14.32973260 -170.71213206 3
115 -14.32977491 -170.71206544
120 Linear Feature 121
111 -14.32963450 -170.71205716 3
115 -14.32968629 -170.71200220
120 Linear Feature 120
111 -14.32943939 -170.71186821 3
115 -14.32948279 -170.71182417
120 Linear Feature 119
111 -14.32925048 -170.71168189 3
115 -14.32930300 -170.71163107
120 Linear Feature 118
111 -14.32919942 -170.71156294 3
115 -14.32927090 -170.71155880
120 Linear Feature 117
111 -14.32921839 -170.71144024 3
115 -14.32927637 -170.71148089
120 Linear Feature 116
111 -14.32927747 -170.71134049 3
115 -14.32932816 -170.71139093
120 Linear Feature 115
112 -14.32937338 -170.71123773 -14.32937338 -170.71123849 3
115 -14.32941897 -170.71128140
120 Linear Feature 114
111 -14.32953166 -170.71107137 3
115 -14.32957542 -170.71111729
120 Linear Feature 113
111 -14.32970014 -170.71089408 3
115 -14.32975011 -170.71094715
120 Linear Feature 112
111 -14.32988030 -170.71073411 3
115 -14.32992005 -170.71077965
120 Linear Feature 111
111 -14.33006556 -170.71057941 3
115 -14.33010969 -170.71062721
120 Linear Feature 110
111 -14.33025557 -170.71042207 3
115 -14.33029641 -170.71046988
120 Linear Feature 109
111 -14.33044338 -170.71026775 3
115 -14.33048058 -170.71031442
120 Linear Feature 108
112 -14.33081026 -170.70996324 -14.33081026 -170.70996474 3
115 -14.33084637 -170.71000539
120 Linear Feature 107
111 -14.33099005 -170.70981569 3
115 -14.33102981 -170.70986725
120 Linear Feature 106
111 -14.33116803 -170.70966663 3
115 -14.33121689 -170.70973024
120 Linear Feature 105
111 -14.33136496 -170.70961657 3
115 -14.33135621 -170.70968959
120 Linear Feature 104
111 -14.33149005 -170.70967416 3
115 -14.33144920 -170.70972911
120 Linear Feature 103
111 -14.33155533 -170.70973438 3
115 -14.33149333 -170.70977917
120 Linear Feature 102
111 -14.33115227 -170.70901318 3
115 -14.33109331 -170.70904957
120 Linear Feature 101
111 -14.33119512 -170.70912924 3
115 -14.33111550 -170.70913363
120 Linear Feature 100
111 -14.33115957 -170.70928890 3
115 -14.33109939 -170.70925283
120 Linear Feature 99
111 -14.33099819 -170.70945044 3
115 -14.33095230 -170.70940213
120 Linear Feature 98
111 -14.33083165 -170.70961355 3
115 -14.33078393 -170.70956650
120 Linear Feature 97
111 -14.33066480 -170.70977822 3
115 -14.33061375 -170.70972364
120 Linear Feature 96
111 -14.33030085 -170.71008923 3
115 -14.33025252 -170.71003521
120 Linear Feature 95
111 -14.33011513 -170.71024976 3
115 -14.33006891 -170.71019531
120 Linear Feature 94
111 -14.32992856 -170.71040987 3
115 -14.32988361 -170.71035693
120 Linear Feature 93
111 -14.32974389 -170.71056844 3
115 -14.32969556 -170.71051159
120 Linear Feature 92
111 -14.32956026 -170.71072897 3
115 -14.32951341 -170.71067342
120 Linear Feature 91
111 -14.32937568 -170.71088885 3
115 -14.32932706 -170.71083145
120 Linear Feature 90
111 -14.32919151 -170.71104820 3
115 -14.32914137 -170.71098797
120 Linear Feature 89
111 -14.32900784 -170.71120494 3
115 -14.32893125 -170.71111586
120 Linear Feature 88
111 -14.32725754 -170.71236469 3
115 -14.32722822 -170.71231682
120 Linear Feature 87
111 -14.32708993 -170.71238366 3
115 -14.32709037 -170.71232585
120 Linear Feature 86
111 -14.32693107 -170.71238592 3
115 -14.32692976 -170.71232359
120 Linear Feature 85
111 -14.32676915 -170.71238547 3
115 -14.32679540 -170.71232946
120 Linear Feature 84
111 -14.32661335 -170.71230462 3
115 -14.32666893 -170.71225087
120 Linear Feature 83
111 -14.32654771 -170.71211763 3
115 -14.32661335 -170.71211898
120 Linear Feature 82
111 -14.32654825 -170.71296852 3
115 -14.32660624 -170.71298621
120 Linear Feature 81
111 -14.32659603 -170.71280200 3
115 -14.32665554 -170.71285033
120 Linear Feature 80
111 -14.32673213 -170.71269269 3
115 -14.32676758 -170.71276632
120 Linear Feature 79
111 -14.32691637 -170.71267914 3
115 -14.32690499 -170.71275051
120 Linear Feature 78
111 -14.32706954 -170.71273967 3
115 -14.32703847 -170.71278619
120 Linear Feature 77
111 -14.32720739 -170.71295105 3
115 -14.32715663 -170.71295602
120 Linear Feature 76
111 -14.32989803 -170.71248200 3
115 -14.32987615 -170.71255389
120 Linear Feature 75
111 -14.33004099 -170.71251588 3
115 -14.33002713 -170.71259003
120 Linear Feature 74
111 -14.33020146 -170.71253997 3
115 -14.33019125 -170.71261562
120 Linear Feature 73
111 -14.33034077 -170.71255352 3
115 -14.33033785 -170.71263181
120 Linear Feature 72
111 -14.33047534 -170.71255803 3
115 -14.33047388 -170.71263106
120 Linear Feature 71
111 -14.33061684 -170.71256217 3
115 -14.33061538 -170.71263670
120 Linear Feature 70
111 -14.33074630 -170.71256820 3
115 -14.33074521 -170.71264084
120 Linear Feature 69
111 -14.33087285 -170.71257346 3
115 -14.33086410 -170.71264875
120 Linear Feature 68
111 -14.33100706 -170.71258363 3
115 -14.33100013 -170.71266079
120 Linear Feature 67
111 -14.33113397 -170.71260207 3
115 -14.33112413 -170.71267698
120 Linear Feature 66
111 -14.33126818 -170.71262691 3
115 -14.33125614 -170.71269918
120 Linear Feature 65
111 -14.33139910 -170.71265627 3
115 -14.33138342 -170.71271763
120 Linear Feature 64
111 -14.33152164 -170.71268676 3
115 -14.33150486 -170.71274736
120 Linear Feature 63
112 -14.33164417 -170.71272290 -14.33164417 -170.71272440 3
115 -14.33162266 -170.71278350
120 Linear Feature 62
112 -14.33175285 -170.71275753 -14.33175285 -170.71275865 3
115 -14.33172878 -170.71281888
120 Linear Feature 61
111 -14.33186518 -170.71279968 3
115 -14.33183090 -170.71286367
120 Linear Feature 60
111 -14.33196948 -170.71285840 3
115 -14.33192280 -170.71292051
120 Linear Feature 59
111 -14.33206247 -170.71292841 3
115 -14.33201178 -170.71298789
120 Linear Feature 58
111 -14.33214635 -170.71300595 3
115 -14.33209311 -170.71305978
120 Linear Feature 57
111 -14.33222440 -170.71309290 3
115 -14.33217152 -170.71314297
120 Linear Feature 56
111 -14.33229296 -170.71317872 3
115 -14.33223607 -170.71322653
120 Linear Feature 55
111 -14.33235897 -170.71327772 3
115 -14.33229733 -170.71331799
120 Linear Feature 54
112 -14.33242644 -170.71339591 -14.33242607 -170.71339704 3
115 -14.33237027 -170.71343543
120 Linear Feature 53
111 -14.33249901 -170.71352125 3
115 -14.33244321 -170.71355889
120 Linear Feature 52
111 -14.33260112 -170.71369553 3
115 -14.33254423 -170.71373129
120 Linear Feature 51
111 -14.33269558 -170.71385625 3
115 -14.33264233 -170.71389314
120 Linear Feature 50
111 -14.33278967 -170.71401547 3
115 -14.33273059 -170.71405236
120 Linear Feature 49
111 -14.33293089 -170.71425610 3
115 -14.33286981 -170.71429625
120 Linear Feature 48
111 -14.33307039 -170.71450108 3
115 -14.33301477 -170.71453370
120 Linear Feature 47
111 -14.33320236 -170.71474653 3
115 -14.33314510 -170.71478304
120 Linear Feature 46
112 -14.33333836 -170.71498846 -14.33333727 -170.71498921 3
115 -14.33328074 -170.71503024
120 Linear Feature 45
111 -14.33347585 -170.71523463 3
115 -14.33341640 -170.71527641
120 Linear Feature 44
111 -14.33361516 -170.71548344 3
115 -14.33355900 -170.71551995
120 Linear Feature 43
111 -14.33375216 -170.71572862 3
115 -14.33369308 -170.71576739
120 Linear Feature 42
111 -14.33388856 -170.71597328 3
115 -14.33383130 -170.71601017
120 Linear Feature 41
111 -14.33402787 -170.71622059 3
115 -14.33396879 -170.71625973
120 Linear Feature 40
111 -14.33416390 -170.71646412 3
115 -14.33410482 -170.71650364
120 Linear Feature 39
111 -14.33430248 -170.71671443 3
115 -14.33424705 -170.71674982
120 Linear Feature 38
112 -14.33443410 -170.71696467 -14.33443337 -170.71696505 3
115 -14.33437940 -170.71699930
120 Linear Feature 37
111 -14.33457060 -170.71721118 3
115 -14.33451681 -170.71724443
120 Linear Feature 36
111 -14.33470775 -170.71745712 3
115 -14.33465366 -170.71749351
120 Linear Feature 35
112 -14.33484482 -170.71770493 -14.33484451 -170.71770587 3
115 -14.33479315 -170.71773943
120 Linear Feature 34
112 -14.33498097 -170.71794959 -14.33498066 -170.71794991 3
115 -14.33492231 -170.71798504
120 Linear Feature 33
112 -14.33511519 -170.71819408 -14.33511483 -170.71819446 3
115 -14.33505611 -170.71823360
120 Linear Feature 32
112 -14.33525393 -170.71843903 -14.33525149 -170.71844060 3
115 -14.33518737 -170.71848107
120 Linear Feature 31
111 -14.33532314 -170.71858068 3
115 -14.33525458 -170.71861945
120 Linear Feature 30
111 -14.33537638 -170.71870452 3
115 -14.33531548 -170.71873651
120 Linear Feature 29
111 -14.33542452 -170.71883024 3
115 -14.33536034 -170.71886148
120 Linear Feature 28
111 -14.33546500 -170.71895860 3
115 -14.33540286 -170.71898525
120 Linear Feature 27
111 -14.33550220 -170.71909094 3
115 -14.33543393 -170.71911533
120 Linear Feature 26
111 -14.33557353 -170.71936331 3
115 -14.33550701 -170.71938454
120 Linear Feature 25
112 -14.33564662 -170.71963614 -14.33564530 -170.71963614 3
115 -14.33557878 -170.71965827
120 Linear Feature 24
112 -14.33571853 -170.71990707 -14.33571762 -170.71990739 3
115 -14.33564955 -170.71993185
120 Linear Feature 23
111 -14.33578934 -170.72018029 3
115 -14.33572036 -170.72020538
120 Linear Feature 22
111 -14.33582885 -170.72032395 3
115 -14.33576533 -170.72034999
120 Linear Feature 21
111 -14.33587565 -170.72046510 3
115 -14.33581335 -170.72049145
120 Linear Feature 20
111 -14.33592738 -170.72060193 3
115 -14.33586958 -170.72063010
120 Linear Feature 19
111 -14.33599084 -170.72073518 3
115 -14.33593504 -170.72076868
120 Linear Feature 18
111 -14.33606268 -170.72086165 3
115 -14.33599995 -170.72090381
120 Linear Feature 17
111 -14.33620126 -170.72110670 3
115 -14.33613853 -170.72114622
120 Linear Feature 16
111 -14.33633795 -170.72135167 3
115 -14.33627449 -170.72139322
120 Linear Feature 15
111 -14.33661333 -170.72184366 3
115 -14.33654768 -170.72188612
120 Linear Feature 14
111 -14.33675250 -170.72209164 3
115 -14.33668773 -170.72213049
120 Linear Feature 13
111 -14.33688728 -170.72233556 3
115 -14.33682470 -170.72237802
120 Linear Feature 12
111 -14.33702332 -170.72257965 3
115 -14.33696242 -170.72262256
120 Linear Feature 11
111 -14.33716264 -170.72282808 3
115 -14.33709918 -170.72287137
120 Linear Feature 10
111 -14.33729976 -170.72307501 3
115 -14.33723594 -170.72311529
120 Linear Feature 9
111 -14.33737233 -170.72320826 3
115 -14.33730742 -170.72324854
120 Linear Feature 8
112 -14.33747627 -170.72334904 -14.33747590 -170.72335017 3
115 -14.33742485 -170.72340475
120 Linear Feature 7
111 -14.33759552 -170.72343787 3
115 -14.33755577 -170.72350374
120 Linear Feature 6
111 -14.33772681 -170.72349095 3
115 -14.33770493 -170.72356209
120 Linear Feature 5
111 -14.33785919 -170.72350450 3
115 -14.33786102 -170.72358392
120 Linear Feature 4
111 -14.33799632 -170.72348304 3
115 -14.33801893 -170.72355193
120 Linear Feature 3
111 -14.33816857 -170.72340400 3
115 -14.33820833 -170.72346912
120 Linear Feature 2
111 -14.33835821 -170.72328769 3
115 -14.33839651 -170.72334452
120 Linear Feature 1
111 -14.33859381 -170.72314478 3
115 -14.33863301 -170.72320658
120 RH
111 -14.33796316 -170.72303378 62
115 -14.33817107 -170.72339487
120 RH
111 -14.33676836 -170.72143192 64
115 -14.33640694 -170.72164586
120 RH
111 -14.33552973 -170.71917406 52
115 -14.33576053 -170.71911209
120 RH
111 -14.33578198 -170.71843418 62
111 -14.33581293 -170.71857044 62
115 -14.33588470 -170.71867835
120 RH
111 -14.33521796 -170.71836548 52
115 -14.33542065 -170.71824899
120 RH
111 -14.33042986 -170.70988010 62
115 -14.33066096 -170.71016036
120 RH
111 -14.32708699 -170.71274165 62
115 -14.32709045 -170.71238647
120 TL
112 -14.32845152 -170.71159688 -14.32862050 -170.71154941 51
112 -14.32877087 -170.71163179 -14.32885992 -170.71168406 51
111 -14.32915529 -170.71190127 51
112 -14.32978833 -170.71230920 -14.32996920 -170.71237791 51
112 -14.33033408 -170.71242507 -14.33049395 -170.71243625 51
112 -14.33116344 -170.71248407 -14.33134064 -170.71250025 51
112 -14.33253556 -170.71330946 -14.33306139 -170.71412805
111 -14.33253556 -170.71330946 51
111 -14.33537560 -170.71841617 51
112 -14.33550696 -170.71868510 -14.33556141 -170.71882335 51
111 -14.33561496 -170.71901727 51
112 -14.33588493 -170.72006758 -14.33592132 -170.72022553 51
112 -14.33605746 -170.72056812 -14.33612332 -170.72069048 51
111 -14.33659313 -170.72155306 51
112 -14.33739635 -170.72299469 -14.33743724 -170.72306776 51
112 -14.33756498 -170.72317565 -14.33765958 -170.72322933 57
112 -14.33801759 -170.72314975 -14.33821076 -170.72303162
111 -14.33801759 -170.72314975
111 -14.33803589 -170.72314005 51
111 -14.33867168 -170.72276323
112 -14.33867168 -170.72276323 -14.33898938 -170.72260610 51
111 -14.33918579 -170.72297386 51
111 -14.33971262 -170.72391447 51
112 -14.33973322 -170.72425935 -14.33966770 -170.72445473
111 -14.33973322 -170.72425935 51
111 -14.33965312 -170.72450244 51
112 -14.33975233 -170.72526927 -14.34008726 -170.72553340 51
116 -14.34034473 -170.72502526 -14.34028004 -170.72490947
120 TL
111 -14.33537560 -170.71841617 57
112 -14.33580855 -170.71857299 -14.33606630 -170.71852456
111 -14.33580855 -170.71857299
112 -14.33580855 -170.71857299 -14.33557319 -170.71872161 57
115 -14.33561496 -170.71901727
120 TL
112 -14.32827551 -170.71166857 -14.32829942 -170.71164208 51
111 -14.32845152 -170.71159688
112 -14.32845152 -170.71159688 -14.32846574 -170.71159302 51
112 -14.32878931 -170.71147935 -14.32894418 -170.71141571 51
111 -14.32909582 -170.71128960 51
111 -14.33018182 -170.71033381 57
111 -14.33053774 -170.71002667
111 -14.33055190 -170.71001281 51
115 -14.33118423 -170.70948817
120 TL
111 -14.32642058 -170.71162103 51
111 -14.32641986 -170.71218821
112 -14.32641986 -170.71218821 -14.32642092 -170.71253984 51
111 -14.32670578 -170.71253671 51
111 -14.32708908 -170.71253863 51
111 -14.32715844 -170.71253784 51
116 -14.32731477 -170.71249698 -14.32737023 -170.71246324
120 TL
111 -14.32812175 -170.71180095 51
111 -14.32749259 -170.71234779
112 -14.32749259 -170.71234779 -14.32736328 -170.71246857 51
115 -14.32731477 -170.71249698
120 TL
111 -14.33582256 -170.71856721 51
115 -14.33604212 -170.71844092
120 TL
111 -14.33800194 -170.72085151 51
111 -14.33827624 -170.72134188 51
112 -14.33835324 -170.72177856 -14.33832014 -170.72196984
111 -14.33835324 -170.72177856 51
111 -14.33825340 -170.72235028 51
112 -14.33852699 -170.72284244 -14.33887558 -170.72294263
111 -14.33852699 -170.72284244
112 -14.33852699 -170.72284244 -14.33891786 -170.72295386 51
115 -14.33900635 -170.72256744
120 TL
111 -14.32720887 -170.70196414 51
112 -14.32657951 -170.70177820 -14.32644702 -170.70173980 51
116 -14.32666863 -170.70102275 -14.32718836 -170.70073499
120 TL
111 -14.32736129 -170.70182914 51
111 -14.32712178 -170.70141307
112 -14.32712178 -170.70141307 -14.32695974 -170.70114603 51
112 -14.32640459 -170.70164799 -14.32638306 -170.70204870
111 -14.32640459 -170.70164799 51
115 -14.32640760 -170.70215337
120 TL
111 -14.32752212 -170.71337795 51
111 -14.32759336 -170.71337885 51
111 -14.32760228 -170.71336284
112 -14.32760228 -170.71336284 -14.32766667 -170.71325399 51
112 -14.32787896 -170.71323629 -14.32798693 -170.71325898 51
112 -14.32805708 -170.71339163 -14.32807630 -170.71343384
111 -14.32805708 -170.71339163
112 -14.32805708 -170.71339163 -14.32806224 -170.71340478 51
111 -14.32805474 -170.71341238 51
111 -14.32790421 -170.71357118 51
112 -14.32789666 -170.71358579 -14.32789566 -170.71359510
111 -14.32789666 -170.71358579
112 -14.32789666 -170.71358579 -14.32788332 -170.71376529 51
112 -14.32761021 -170.71386583 -14.32746591 -170.71386983 51
112 -14.32734401 -170.71365135 -14.32734417 -170.71356914
111 -14.32734401 -170.71365135 51
111 -14.32732436 -170.71270443
112 -14.32732436 -170.71270443 -14.32734045 -170.71255260 51
116 -14.32749259 -170.71234779 -14.32759810 -170.71226291
120 TL
111 -14.32915529 -170.71190127 51
116 -14.32909582 -170.71128960 -14.32932255 -170.71094605
120 TL
111 -14.32812175 -170.71180095 51
115 -14.32827551 -170.71166857
120 TL
111 -14.33196531 -170.71006883 51
111 -14.33171784 -170.70962695 51
112 -14.33118580 -170.70948655 -14.33079924 -170.70961115
111 -14.33118580 -170.70948655
112 -14.33118580 -170.70948655 -14.33148773 -170.70925372 51
111 -14.33135060 -170.70897176 51
115 -14.33107630 -170.70848138
120 TL
111 -14.33697593 -170.71902771 51
111 -14.33672421 -170.71857424 51
112 -14.33604212 -170.71844092 -14.33555015 -170.71856617
111 -14.33604212 -170.71844092
112 -14.33604212 -170.71844092 -14.33642687 -170.71807729 51
111 -14.33624274 -170.71771517 51
115 -14.33596844 -170.71722479
120 TB
111 -14.33117821 -170.70905637 53 102
112 -14.33115326 -170.70930082 -14.33106792 -170.70940358
111 -14.33115326 -170.70930082 53 102
111 -14.33067535 -170.70977148 53 102
111 -14.32898535 -170.71122506 53 102
112 -14.32881423 -170.71124568 -14.32873071 -170.71118436 53 102
111 -14.32864835 -170.71125333 53 102
111 -14.32755355 -170.71218884 53 102
112 -14.32718062 -170.71238299 -14.32702004 -170.71239956
111 -14.32718062 -170.71238299 53 102
111 -14.32677664 -170.71238741
112 -14.32677664 -170.71238741 -14.32658906 -170.71237532 53 102
115 -14.32654437 -170.71217298
120 TB
111 -14.32660505 -170.70087973 53 102
111 -14.32603711 -170.70121420 53 102
111 -14.32621324 -170.70153139 53 102
111 -14.32624213 -170.70163134 53 102
111 -14.32625562 -170.70173546 53 102
111 -14.32626065 -170.70223165
111 -14.32654038 -170.70223184
112 -14.32654038 -170.70223184 -14.32656080 -170.70210384 53 102
112 -14.32681342 -170.70208397 -14.32695428 -170.70209149
111 -14.32681342 -170.70208397 53 102
111 -14.32716881 -170.70214609 53 102
115 -14.32735124 -170.70221449
120 TB
111 -14.33815492 -170.72154020 53 102
111 -14.33793472 -170.72253194 53 102
111 -14.33810320 -170.72280374
112 -14.33810320 -170.72280374 -14.33815014 -170.72287641 53 102
112 -14.33810143 -170.72294114 -14.33806589 -170.72296612 53 102
112 -14.33789531 -170.72307401 -14.33779469 -170.72313200 53 102
112 -14.33751012 -170.72294837 -14.33742798 -170.72277881
111 -14.33751012 -170.72294837 53 102
112 -14.33621787 -170.72062664 -14.33616330 -170.72052759 53 102
112 -14.33605689 -170.72022606 -14.33603620 -170.72014964 53 102
112 -14.33574897 -170.71905670 -14.33572414 -170.71894205 53 102
112 -14.33599568 -170.71861265 -14.33630805 -170.71845533 53 102
116 -14.33659862 -170.71875220 -14.33665606 -170.71883340
120 TB
112 -14.33607583 -170.71781717 -14.33610523 -170.71787112 53 102
112 -14.33589701 -170.71838468 -14.33568140 -170.71851281 53 102
112 -14.33547907 -170.71834499 -14.33544640 -170.71829217 53 102
111 -14.33347508 -170.71480860 53
111 -14.33315993 -170.71423264 53 102
111 -14.33264661 -170.71328229 53 102
112 -14.33190862 -170.71252102 -14.33148252 -170.71234814 53 102
111 -14.33099065 -170.71233941 53 102
111 -14.33023569 -170.71229984 53 102
112 -14.32967475 -170.71209760 -14.32944418 -170.71193496
111 -14.32967475 -170.71209760 53 102
111 -14.32927413 -170.71171073
112 -14.32927413 -170.71171073 -14.32908980 -170.71153426 53 102
111 -14.32928745 -170.71132436 53 102
111 -14.32974213 -170.71084377 53 102
111 -14.33115748 -170.70967334
112 -14.33115748 -170.70967334 -14.33134716 -170.70950515 53 102
115 -14.33154781 -170.70971877
120 TB
111 -14.32654897 -170.71290744 53 102
112 -14.32683999 -170.71267132 -14.32708391 -170.71266795 53 102
116 -14.32722677 -170.71302042 -14.32723440 -170.71319013
120 TB
112 -14.32982999 -170.71245646 -14.32995231 -170.71250308 53 102
112 -14.33035843 -170.71255269 -14.33063093 -170.71257751
111 -14.33035843 -170.71255269 53 102
112 -14.33098191 -170.71257832 -14.33111551 -170.71259191 53 102
112 -14.33181077 -170.71277425 -14.33215806 -170.71290108 53 102
112 -14.33242833 -170.71339296 -14.33247914 -170.71348619 53 102
111 -14.33297448 -170.71432424 53
111 -14.33329027 -170.71489657 53 102
111 -14.33430453 -170.71671093 53 102
111 -14.33521600 -170.71836659 53 102
112 -14.33548899 -170.71902845 -14.33559922 -170.71943215
111 -14.33548899 -170.71902845 53 102
111 -14.33576436 -170.72006825
112 -14.33576436 -170.72006825 -14.33586780 -170.72051199 53 102
112 -14.33603684 -170.72080960 -14.33609894 -170.72091448 53 102
112 -14.33738702 -170.72322697 -14.33746699 -170.72337587 53 102
112 -14.33811337 -170.72343009 -14.33848340 -170.72323399
111 -14.33811337 -170.72343009 53 102
115 -14.33893867 -170.72293500
120 WS Circle
112 -14.33135139 -170.71044889 -14.33134593 -170.71036949 23
112 -14.33148080 -170.71029494 -14.33155773 -170.71028931 23
112 -14.33162996 -170.71042851 -14.33163541 -170.71050790 23
114 -14.33150055 -170.71058246 -14.33142362 -170.71058809 23
120 Street Curb
111 -14.33074877 -170.71551524 24
111 -14.33090560 -170.71579680
111 -14.33093282 -170.71584566 24
111 -14.33104068 -170.71603930
111 -14.33106044 -170.71607478 24
111 -14.33107586 -170.71610246 24
111 -14.33121469 -170.71635170 24
111 -14.33192450 -170.71762602
111 -14.33201987 -170.71756577 24
111 -14.33113445 -170.71597569
111 -14.33108256 -170.71588250 24
111 -14.33094646 -170.71563808
111 -14.33091324 -170.71557843 24
111 -14.33084561 -170.71545696 24
111 -14.33050622 -170.71485337 24
111 -14.33028728 -170.71449194 24
112 -14.33031941 -170.71443784 -14.33035912 -170.71440918
111 -14.33031941 -170.71443784
111 -14.33029948 -170.71440425
112 -14.33029948 -170.71440425 -14.33024677 -170.71442964 24
111 -14.33023359 -170.71440414 24
111 -14.33005031 -170.71407160
111 -14.32999383 -170.71410385 24
112 -14.33034545 -170.71476415 -14.33036643 -170.71480296 24
112 -14.33040510 -170.71497942 -14.33040423 -170.71507148 24
112 -14.33034704 -170.71516281 -14.33032255 -170.71520162 24
111 -14.33022560 -170.71533444 24
112 -14.33007589 -170.71553492 -14.32999815 -170.71562644 24
112 -14.32983058 -170.71578007 -14.32977519 -170.71582700 24
112 -14.32970230 -170.71574518 -14.32968423 -170.71570427
111 -14.32970230 -170.71574518
111 -14.32964058 -170.71577339
112 -14.32964058 -170.71577339 -14.32964758 -170.71589614 24
112 -14.32959621 -170.71598285 -14.32956123 -170.71601625 24
111 -14.32906037 -170.71645168 24
111 -14.32891449 -170.71657258 24
112 -14.32875397 -170.71670276 -14.32873629 -170.71671553
111 -14.32875397 -170.71670276
112 -14.32875397 -170.71670276 -14.32871753 -170.71672908 24
112 -14.32864764 -170.71666917 -14.32864764 -170.71662705
111 -14.32864764 -170.71666917
111 -14.32857255 -170.71667179 24
111 -14.32855262 -170.71728829
111 -14.32866618 -170.71725535 24
112 -14.32870126 -170.71697251 -14.32873406 -170.71690256 24
112 -14.32885437 -170.71676165 -14.32892069 -170.71670223 24
111 -14.32904474 -170.71659537 24
111 -14.32924049 -170.71643168 24
111 -14.32942240 -170.71628495
111 -14.32955121 -170.71618430 24
112 -14.32982818 -170.71594062 -14.32996048 -170.71582200
111 -14.32982818 -170.71594062
112 -14.32982818 -170.71594062 -14.32985878 -170.71591318
112 -14.32991606 -170.71586096 -14.32994340 -170.71583584
111 -14.32991606 -170.71586096
112 -14.32991606 -170.71586096 -14.32995634 -170.71582395 24
112 -14.33001372 -170.71576796 -14.33003647 -170.71574472
111 -14.33001372 -170.71576796
112 -14.33001372 -170.71576796 -14.33011866 -170.71566074 24
111 -14.33032029 -170.71540403 24
112 -14.33039237 -170.71529867 -14.33042997 -170.71525805 24
112 -14.33053012 -170.71523053 -14.33060533 -170.71523866 24
114 -14.33068769 -170.71540237 -14.33071830 -170.71545924 24
120 Street Curb
112 -14.33045748 -170.71511061 -14.33043511 -170.71512837
111 -14.33045748 -170.71511061
112 -14.33045748 -170.71511061 -14.33047412 -170.71504311 24
111 -14.33047318 -170.71493041 24
111 -14.33056653 -170.71510258
114 -14.33056653 -170.71510258 -14.33052637 -170.71508719 24
120 Parking Curb
111 -14.32929253 -170.71473528
111 -14.32933913 -170.71471691 24
112 -14.32930466 -170.71463689 -14.32928920 -170.71460231 24
112 -14.32931576 -170.71457009 -14.32932929 -170.71455734 24
111 -14.32980734 -170.71415529
111 -14.32990760 -170.71407908 24
111 -14.32996119 -170.71404247 24
111 -14.32999383 -170.71410385
111 -14.33005031 -170.71407160 24
111 -14.32979880 -170.71361666
111 -14.32974271 -170.71353042 24
112 -14.32959020 -170.71334025 -14.32955767 -170.71330123 24
112 -14.32944988 -170.71327345 -14.32941055 -170.71326855 24
112 -14.32930751 -170.71329954 -14.32926514 -170.71333277 24
112 -14.32888115 -170.71367597 -14.32883819 -170.71371302 24
112 -14.32879199 -170.71385543 -14.32878610 -170.71393620 24
112 -14.32882709 -170.71403615 -14.32884828 -170.71406591
111 -14.32882709 -170.71403615
112 -14.32882709 -170.71403615 -14.32883315 -170.71404466 24
111 -14.32910035 -170.71444079
113 -14.32922108 -170.71459668 24
120 Parking Curb
112 -14.32917528 -170.71439026 -14.32915665 -170.71436698 24
112 -14.32891944 -170.71402872 -14.32890752 -170.71401150 24
112 -14.32893348 -170.71399652 -14.32894778 -170.71399582 24
112 -14.32897822 -170.71398898 -14.32899388 -170.71398406 24
112 -14.32902363 -170.71396742 -14.32903930 -170.71396847 24
112 -14.32904160 -170.71399147 -14.32903071 -170.71400008 24
111 -14.32900960 -170.71401874 24
111 -14.32932089 -170.71439640 24
112 -14.32934616 -170.71437469 -14.32935497 -170.71436735 24
112 -14.32936993 -170.71439879 -14.32936405 -170.71441579 24
112 -14.32932817 -170.71444369 -14.32930776 -170.71445657 24
114 -14.32924067 -170.71444107 -14.32921223 -170.71442791 24
120 Parking Curb
111 -14.32909967 -170.71387509 24
112 -14.32908059 -170.71389232 -14.32907245 -170.71389948 24
112 -14.32906314 -170.71389108 -14.32905783 -170.71388394 24
112 -14.32908368 -170.71383421 -14.32910473 -170.71381517 24
112 -14.32913800 -170.71381513 -14.32914453 -170.71382157 24
112 -14.32913954 -170.71383375 -14.32913238 -170.71384160 24
111 -14.32912226 -170.71385276 24
111 -14.32945959 -170.71427420 24
112 -14.32947732 -170.71425913 -14.32948639 -170.71425160 24
112 -14.32950253 -170.71425863 -14.32951101 -170.71426860 24
112 -14.32947567 -170.71431588 -14.32944565 -170.71434076 24
112 -14.32941774 -170.71433279 -14.32940986 -170.71432649 24
112 -14.32941618 -170.71431048 -14.32942446 -170.71430357 24
113 -14.32943722 -170.71429382 24
120 Parking Curb
111 -14.32959742 -170.71415309 24
112 -14.32962708 -170.71412617 -14.32963455 -170.71411962 24
112 -14.32964435 -170.71412802 -14.32965202 -170.71413622 24
112 -14.32961996 -170.71418829 -14.32959271 -170.71421348 24
112 -14.32955607 -170.71421358 -14.32954964 -170.71420583 24
112 -14.32955517 -170.71419190 -14.32956472 -170.71418370 24
111 -14.32957780 -170.71417200 24
111 -14.32923554 -170.71375662 24
112 -14.32921757 -170.71377182 -14.32920898 -170.71377949 24
112 -14.32919755 -170.71376961 -14.32919216 -170.71375995 24
112 -14.32922361 -170.71371057 -14.32924631 -170.71368831 24
112 -14.32927678 -170.71369413 -14.32928364 -170.71369633 24
112 -14.32928070 -170.71371022 -14.32927058 -170.71372081 24
113 -14.32925742 -170.71373509 24
120 Parking Curb
111 -14.32937503 -170.71363930 24
112 -14.32935549 -170.71365562 -14.32934603 -170.71366396 24
112 -14.32933738 -170.71365551 -14.32933206 -170.71364921 24
112 -14.32936346 -170.71359764 -14.32939124 -170.71357201 24
112 -14.32942092 -170.71357717 -14.32942782 -170.71358368 24
112 -14.32942101 -170.71359612 -14.32941411 -170.71360284 24
111 -14.32939619 -170.71362149 24
111 -14.32974004 -170.71403511 24
112 -14.32976005 -170.71401930 -14.32976885 -170.71401227 24
112 -14.32978123 -170.71402331 -14.32978952 -170.71403415 24
112 -14.32975168 -170.71407712 -14.32972402 -170.71410177 24
112 -14.32969437 -170.71409341 -14.32968890 -170.71408693 24
112 -14.32969551 -170.71407674 -14.32970167 -170.71407145 24
113 -14.32971643 -170.71405879 24
120 Parking Curb
111 -14.32955563 -170.71355328 24
112 -14.32953775 -170.71356991 -14.32952617 -170.71358045 24
112 -14.32950543 -170.71356778 -14.32949589 -170.71355583 24
112 -14.32954092 -170.71350621 -14.32957411 -170.71348580 24
112 -14.32963948 -170.71352174 -14.32966773 -170.71354943 24
112 -14.32977820 -170.71370438 -14.32980221 -170.71374082 24
111 -14.32989873 -170.71392371 24
112 -14.32990177 -170.71395444 -14.32988947 -170.71396371 24
112 -14.32986701 -170.71397954 -14.32985194 -170.71398919 24
112 -14.32983112 -170.71395978 -14.32984419 -170.71395080 24
113 -14.32986348 -170.71393761 24
120 Parking Curb
111 -14.32938486 -170.71342770 24
112 -14.32936688 -170.71342565 -14.32935667 -170.71343472
111 -14.32936688 -170.71342565
112 -14.32936688 -170.71342565 -14.32935886 -170.71343278 24
112 -14.32921918 -170.71354717 -14.32921596 -170.71354997 24
112 -14.32921783 -170.71355737 -14.32922088 -170.71356156 24
112 -14.32923706 -170.71358218 -14.32924112 -170.71358707 24
112 -14.32923120 -170.71358637 -14.32922764 -170.71358130 24
112 -14.32919891 -170.71354666 -14.32919518 -170.71354194 24
112 -14.32920075 -170.71353271 -14.32920549 -170.71352852 24
112 -14.32934496 -170.71341535 -14.32936784 -170.71339679 24
112 -14.32943238 -170.71338860 -14.32946262 -170.71338860 24
112 -14.32950236 -170.71341741 -14.32951315 -170.71342678 24
112 -14.32950150 -170.71344301 -14.32949185 -170.71345209 24
112 -14.32945608 -170.71347678 -14.32944416 -170.71348469 24
114 -14.32941901 -170.71346778 -14.32940961 -170.71345850 24
120 Parking Curb
112 -14.32907910 -170.71363915 -14.32908293 -170.71363561 24
112 -14.32915383 -170.71357422 -14.32915764 -170.71357131 24
112 -14.32916723 -170.71357166 -14.32917104 -170.71357603 24
112 -14.32920084 -170.71361196 -14.32920409 -170.71361590 24
112 -14.32919683 -170.71361552 -14.32919344 -170.71361130
111 -14.32919683 -170.71361552
112 -14.32919683 -170.71361552 -14.32919413 -170.71361215 24
112 -14.32917834 -170.71359362 -14.32917618 -170.71359119 24
112 -14.32917037 -170.71359464 -14.32916723 -170.71359717 24
112 -14.32909748 -170.71365744 -14.32909554 -170.71365934
111 -14.32909748 -170.71365744
112 -14.32909748 -170.71365744 -14.32909501 -170.71365987 24
112 -14.32909648 -170.71366611 -14.32909859 -170.71366927 24
112 -14.32910945 -170.71368486 -14.32911169 -170.71368801 24
112 -14.32910534 -170.71368777 -14.32910275 -170.71368437 24
114 -14.32907834 -170.71365143 -14.32907479 -170.71364654 24
120 Parking Curb
112 -14.32893175 -170.71377772 -14.32893806 -170.71377164 24
112 -14.32903484 -170.71368260 -14.32903848 -170.71367957 24
112 -14.32904514 -170.71368305 -14.32904785 -170.71368645 24
112 -14.32907022 -170.71371530 -14.32907269 -170.71371858 24
112 -14.32906543 -170.71371874 -14.32906261 -170.71371558 24
112 -14.32905220 -170.71370249 -14.32904984 -170.71369955 24
112 -14.32904460 -170.71370261 -14.32904146 -170.71370545 24
114 -14.32894840 -170.71379498 -14.32894128 -170.71380212 24
120 Parking Curb
112 -14.32888925 -170.71389445 -14.32888573 -170.71387053 24
112 -14.32889662 -170.71382049 -14.32890189 -170.71380636 24
112 -14.32892894 -170.71381615 -14.32894018 -170.71382920 24
112 -14.32897942 -170.71388493 -14.32899488 -170.71390596 24
114 -14.32892533 -170.71393628 -14.32890109 -170.71393555 24
120 Parking Curb
112 -14.32926401 -170.71450614 -14.32926655 -170.71450787 24
112 -14.32930171 -170.71450523 -14.32931756 -170.71449638 24
112 -14.32935752 -170.71447175 -14.32936254 -170.71446866 24
112 -14.32936066 -170.71447592 -14.32935657 -170.71447915 24
112 -14.32929653 -170.71453270 -14.32929253 -170.71453593 24
112 -14.32928155 -170.71453267 -14.32927692 -170.71452742
111 -14.32928155 -170.71453267
112 -14.32928155 -170.71453267 -14.32927806 -170.71452872 24
114 -14.32926120 -170.71451022 -14.32925866 -170.71450730 24
21 -14.33028600 -170.70603900 2 240.0000 3.00 23 PAPI-4L
21 -14.33743956 -170.72068678 1 60.0000 3.30 05 VASI
20 -14.32876333 -170.71279210 230.7100 0 3 {@Y}GATE-C
20 -14.32836379 -170.71311964 230.7100 0 3 {@Y}GATE-B
20 -14.32816047 -170.71356271 183.3300 0 3 {@Y}GATE-A
20 -14.33680077 -170.72141018 240.0000 0 3 {@R}ILS
20 -14.33824594 -170.72354302 148.7500 0 3 {@R}23-05{@L}A
20 -14.33789248 -170.72292162 148.7500 0 3 {@L}A{@R}23-05
20 -14.32932271 -170.71148794 317.9700 0 3 {@Y,^l}A{@L}C
20 -14.32977300 -170.71200754 41.9100 0 3 {@L}A{@Y}C{^r}
20 -14.33538943 -170.71912726 75.9300 0 3 {@L}A{@Y}B{^r}
20 -14.33506051 -170.71832543 240.0000 0 3 {@Y,^l}B{@L}A
20 -14.33610085 -170.71873956 330.0000 0 3 {@L}B{@Y,^l}A{^r}
20 -14.33583021 -170.71824618 148.7500 0 3 {@L}B{@R}23-05
20 -14.33039922 -170.70984605 138.2800 0 3 {@L}C{@R}23-05
20 -14.32708975 -170.71223305 359.9100 0 3 {@R}08-26{@L}D
20 -14.32707743 -170.71292130 358.8000 0 3 {@L}D{@R}08-26
20 -14.32669715 -170.71177967 268.7100 0 3 {@Y,^l}D
20 -14.33191277 -170.71074973 60.0000 0 3 {@Y,^l}C
20 -14.33650259 -170.71892734 60.0000 0 3 {@Y,^l}B
20 -14.33799955 -170.72157363 240.0000 0 3 {@Y}A{^r}
20 -14.33589330 -170.71784780 240.0000 0 3 {@Y}B{^r}
20 -14.33054747 -170.70830814 240.0000 0 3 {@Y}C{^r}
14 -14.33290660 -170.71658527  98.43 0 Tower Viewpoint
1300 -14.32788440 -170.71545068  90.76 tie_down turboprops|props Hangar
1301 B none 
1300 -14.32842710 -170.71237294   3.48 gate heavy|jets|turboprops|props Gate C
1301 C none 
1300 -14.32813099 -170.71281843 -175.75 gate heavy|jets|turboprops|props Gate B
1301 C none 
1300 -14.32800186 -170.71346818 134.38 gate heavy|jets|turboprops|props Gate A
1301 C none 
19 -14.33148560 -170.71044123 1 WS
1050 127925 AWOS
1051 122900 CTAF
1051 118300 UNICOM
1055 126900 FALEOLO APP/DEP
1200 
1201 -14.32786356 -170.71533769 both 0 HANGARS_stop
1201 -14.32786172 -170.71466802 both 1 HANGARS_stop
1201 -14.33999550 -170.72535733 both 2 BACK TRACK 05_stop
1201 -14.33975819 -170.72527901 both 3 BACK TRACK 05_stop
1201 -14.33957785 -170.72477215 both 4 BACK TRACK 05_stop
1201 -14.33960616 -170.72507593 both 5 BACK TRACK 05_stop
1201 -14.32664268 -170.70179671 both 6 BACK TRACK 23 26_stop
1201 -14.32644586 -170.70121471 both 7 BACK TRACK 23 26_stop
1201 -14.32641472 -170.70159302 both 8 BACK TRACK 23 26_stop
1201 -14.32752747 -170.71385414 both 9 APRON_stop
1201 -14.32759553 -170.71408434 both 10 APRON_stop
1201 -14.32734355 -170.71365072 both 11 APRON_stop
1201 -14.32732531 -170.71270307 both 12 APRON_stop
1201 -14.32750091 -170.71234247 both 13 APRON_stop
1201 -14.32736690 -170.71251864 both 14 APRON_stop
1201 -14.32812467 -170.71180087 both 15 APRON_stop
1201 -14.32841493 -170.71160756 both 16 APRON_stop
1201 -14.32828084 -170.71166481 both 17 APRON_stop
1201 -14.32715952 -170.71253629 both 18 D_stop
1201 -14.32910117 -170.71128787 both 19 C_stop
1201 -14.32882633 -170.71146389 both 20 C_stop
1201 -14.32850851 -170.71158109 both 21 C_stop
1201 -14.32915661 -170.71190186 both 22 A_stop
1201 -14.32877462 -170.71163028 both 23 A_stop
1201 -14.32951689 -170.71217019 both 24 A_stop
1201 -14.32994875 -170.71236345 both 25 A_stop
1201 -14.33066198 -170.71245065 both 26 A_stop
1201 -14.33153419 -170.71254090 both 27 A_stop
1201 -14.33207513 -170.71279895 both 28 A_stop
1201 -14.33254221 -170.71330748 both 29 A_stop
1201 -14.33551490 -170.71870161 both 30 A_stop
1201 -14.33581415 -170.71857235 both 31 A_stop
1201 -14.33603143 -170.72053404 both 32 A_stop
1201 -14.33739521 -170.72299163 both 33 A_stop
1201 -14.33804169 -170.72317830 both 34 A_stop
1201 -14.33779882 -170.72323134 both 35 A_stop
1201 -14.33756405 -170.72317890 both 36 A_stop
1201 -14.32640757 -170.70215811 both 37 GR_stop
1201 -14.32640692 -170.71302789 both 38 GR_start
1201 -14.32640668 -170.71252324 both 39 GR_start
1201 -14.32708982 -170.71253771 both 40 GR_start
1201 -14.32678646 -170.70077602 both 41 GR_stop
1201 -14.34049497 -170.72528881 both 42 GR_start
1201 -14.34039147 -170.72509763 both 43 GR_start
1201 -14.33971632 -170.72389141 both 44 GR_start
1201 -14.33972530 -170.72431639 both 45 GR_start
1201 -14.33900749 -170.72263106 both 46 GR_start
1201 -14.33652740 -170.71819402 both 47 GR_start
1201 -14.33151353 -170.70922895 both 48 GR_start
1201 -14.32748587 -170.70202526 both 49 GR_start
1201 -14.32699444 -170.70114866 both 50 GR_start
1201 -14.33054001 -170.71002531 both 51 GR_start
1202 1 0 twoway taxiway_B HANGARS
1202 9 10 twoway taxiway_B HANGARS
1202 10 1 twoway taxiway_B HANGARS
1202 2 43 twoway taxiway_D BACK TRACK 05
1204 departure 05,23
1204 arrival 05,23
1202 3 2 twoway taxiway_D BACK TRACK 05
1204 departure 05,23
1204 arrival 05,23
1202 4 5 twoway taxiway_D BACK TRACK 05
1204 departure 05,23
1204 arrival 05,23
1202 5 3 twoway taxiway_D BACK TRACK 05
1204 departure 05,23
1204 arrival 05,23
1202 44 45 twoway taxiway_D BACK TRACK 05
1204 departure 05,23
1204 arrival 05,23
1202 45 4 twoway taxiway_D BACK TRACK 05
1204 departure 05,23
1204 arrival 05,23
1202 6 49 twoway taxiway_D BACK TRACK 23 26
1204 departure 05,08,23,26
1204 arrival 05,08,23,26
1202 8 6 twoway taxiway_D BACK TRACK 23 26
1204 departure 05,08,23,26
1204 arrival 05,08,23,26
1202 7 8 twoway taxiway_D BACK TRACK 23 26
1204 departure 05,08,23,26
1204 arrival 05,08,23,26
1202 8 37 twoway taxiway_D BACK TRACK 23 26
1204 departure 05,08,23,26
1204 arrival 05,08,23,26
1202 50 7 twoway taxiway_D BACK TRACK 23 26
1204 departure 05,08,23,26
1204 arrival 05,08,23,26
1202 13 14 twoway taxiway_D APRON
1202 14 12 twoway taxiway_D APRON
1202 11 9 twoway taxiway_D APRON
1202 12 11 twoway taxiway_D APRON
1202 18 12 twoway taxiway_D APRON
1202 22 23 twoway taxiway_D APRON
1202 23 21 twoway taxiway_D APRON
1202 13 18 twoway taxiway_D APRON
1202 15 13 twoway taxiway_D APRON
1202 16 17 twoway taxiway_D APRON
1202 17 15 twoway taxiway_D APRON
1202 19 20 twoway taxiway_D APRON
1202 20 21 twoway taxiway_D APRON
1202 21 16 twoway taxiway_D APRON
1202 39 40 twoway taxiway_D D
1204 departure 08,26
1204 arrival 08,26
1202 40 18 twoway taxiway_D D
1202 48 51 twoway taxiway_D C
1204 departure 05,23
1204 arrival 05,23
1202 51 19 twoway taxiway_D C
1202 30 31 twoway taxiway_D B
1202 31 47 twoway taxiway_D B
1204 departure 05,23
1204 arrival 05,23
1202 24 22 twoway taxiway_D A
1202 25 24 twoway taxiway_D A
1202 26 25 twoway taxiway_D A
1202 27 26 twoway taxiway_D A
1202 28 27 twoway taxiway_D A
1202 29 28 twoway taxiway_D A
1202 30 29 twoway taxiway_D A
1202 32 30 twoway taxiway_D A
1202 33 32 twoway taxiway_D A
1202 34 35 twoway taxiway_D A
1202 35 36 twoway taxiway_D A
1202 36 33 twoway taxiway_D A
1202 46 34 twoway taxiway_D A
1204 departure 05,23
1204 arrival 05,23
1202 38 39 twoway runway 08/26
1204 departure 08,26
1204 arrival 08,26
1204 ils 08,26
1202 39 37 twoway runway 08/26
1204 departure 08,26
1204 arrival 08,26
1204 ils 08,26
1202 42 43 twoway runway 05/23
1204 departure 05,23
1204 arrival 05,23
1204 ils 05,23
1202 43 44 twoway runway 05/23
1204 departure 05,23
1204 arrival 05,23
1204 ils 05,23
1202 44 46 twoway runway 05/23
1204 departure 05,23
1204 arrival 05,23
1204 ils 05,23
1202 46 47 twoway runway 05/23
1204 departure 05,23
1204 arrival 05,23
1204 ils 05,23
1202 47 48 twoway runway 05/23
1204 departure 05,23
1204 arrival 05,23
1204 ils 05,23
1202 48 49 twoway runway 05/23
1204 departure 05,23
1204 arrival 05,23
1204 ils 05,23
1202 49 50 twoway runway 05/23
1204 departure 05,23
1204 arrival 05,23
1204 ils 05,23
1202 50 41 twoway runway 05/23
1204 departure 05,23
1204 arrival 05,23
1204 ils 05,23
99
